1.200000000000000000e+03
2.100000000000000000e+03
2.310000000000000000e+03
1.260000000000000000e+03
1.140000000000000000e+03
2.100000000000000000e+03
1.980000000000000000e+03
1.110000000000000000e+03
2.160000000000000000e+03
9.900000000000000000e+02
1.890000000000000000e+03
1.020000000000000000e+03
1.020000000000000000e+03
9.600000000000000000e+02
2.160000000000000000e+03
1.860000000000000000e+03
1.470000000000000000e+03
2.640000000000000000e+03
1.380000000000000000e+03
2.430000000000000000e+03
1.140000000000000000e+03
1.080000000000000000e+03
2.340000000000000000e+03
1.830000000000000000e+03
2.190000000000000000e+03
1.260000000000000000e+03
2.190000000000000000e+03
1.020000000000000000e+03
2.100000000000000000e+03
1.230000000000000000e+03
9.900000000000000000e+02
2.070000000000000000e+03
1.860000000000000000e+03
1.230000000000000000e+03
1.140000000000000000e+03
1.080000000000000000e+03
1.050000000000000000e+03
1.080000000000000000e+03
1.260000000000000000e+03
1.200000000000000000e+03
1.200000000000000000e+03
1.050000000000000000e+03
1.200000000000000000e+03
1.140000000000000000e+03
1.200000000000000000e+03
9.900000000000000000e+02
1.230000000000000000e+03
1.110000000000000000e+03
1.140000000000000000e+03
1.050000000000000000e+03
1.110000000000000000e+03
1.200000000000000000e+03
1.350000000000000000e+03
1.230000000000000000e+03
1.260000000000000000e+03
1.290000000000000000e+03
1.950000000000000000e+03
1.020000000000000000e+03
1.320000000000000000e+03
1.230000000000000000e+03
1.380000000000000000e+03
1.110000000000000000e+03
1.200000000000000000e+03
1.110000000000000000e+03
1.350000000000000000e+03
1.200000000000000000e+03
1.230000000000000000e+03
1.740000000000000000e+03
1.170000000000000000e+03
9.900000000000000000e+02
9.600000000000000000e+02
9.300000000000000000e+02
8.700000000000000000e+02
1.020000000000000000e+03
9.300000000000000000e+02
9.600000000000000000e+02
9.000000000000000000e+02
1.140000000000000000e+03
1.320000000000000000e+03
1.020000000000000000e+03
1.320000000000000000e+03
1.170000000000000000e+03
1.200000000000000000e+03
1.080000000000000000e+03
1.140000000000000000e+03
1.500000000000000000e+03
9.900000000000000000e+02
9.600000000000000000e+02
9.300000000000000000e+02
2.220000000000000000e+03
8.700000000000000000e+02
1.170000000000000000e+03
1.080000000000000000e+03
1.170000000000000000e+03
1.470000000000000000e+03
1.050000000000000000e+03
9.900000000000000000e+02
1.050000000000000000e+03
1.200000000000000000e+03
9.300000000000000000e+02
1.230000000000000000e+03
1.170000000000000000e+03
8.700000000000000000e+02
8.700000000000000000e+02
2.040000000000000000e+03
2.130000000000000000e+03
1.350000000000000000e+03
1.170000000000000000e+03
2.370000000000000000e+03
2.190000000000000000e+03
1.170000000000000000e+03
1.980000000000000000e+03
1.200000000000000000e+03
2.040000000000000000e+03
1.080000000000000000e+03
1.110000000000000000e+03
1.110000000000000000e+03
1.830000000000000000e+03
1.890000000000000000e+03
9.900000000000000000e+02
1.950000000000000000e+03
9.000000000000000000e+02
1.830000000000000000e+03
9.000000000000000000e+02
8.400000000000000000e+02
1.710000000000000000e+03
1.920000000000000000e+03
1.620000000000000000e+03
1.050000000000000000e+03
2.130000000000000000e+03
9.300000000000000000e+02
1.890000000000000000e+03
9.600000000000000000e+02
9.000000000000000000e+02
2.010000000000000000e+03
1.770000000000000000e+03
9.600000000000000000e+02
1.080000000000000000e+03
1.950000000000000000e+03
9.300000000000000000e+02
1.890000000000000000e+03
1.080000000000000000e+03
9.900000000000000000e+02
2.220000000000000000e+03
2.070000000000000000e+03
9.000000000000000000e+02
1.770000000000000000e+03
9.600000000000000000e+02
1.020000000000000000e+03
1.920000000000000000e+03
8.400000000000000000e+02
9.000000000000000000e+02
1.680000000000000000e+03
1.800000000000000000e+03
1.410000000000000000e+03
2.490000000000000000e+03
1.290000000000000000e+03
2.250000000000000000e+03
1.260000000000000000e+03
1.770000000000000000e+03
1.140000000000000000e+03
2.130000000000000000e+03
1.980000000000000000e+03
1.410000000000000000e+03
2.400000000000000000e+03
1.320000000000000000e+03
2.190000000000000000e+03
1.380000000000000000e+03
1.230000000000000000e+03
2.430000000000000000e+03
1.680000000000000000e+03
2.100000000000000000e+03
1.110000000000000000e+03
2.280000000000000000e+03
1.020000000000000000e+03
2.160000000000000000e+03
1.140000000000000000e+03
1.050000000000000000e+03
2.280000000000000000e+03
2.190000000000000000e+03
1.020000000000000000e+03
1.200000000000000000e+03
1.980000000000000000e+03
1.020000000000000000e+03
2.070000000000000000e+03
9.300000000000000000e+02
9.600000000000000000e+02
1.860000000000000000e+03
1.920000000000000000e+03
1.410000000000000000e+03
2.460000000000000000e+03
1.320000000000000000e+03
