5.028963330000000287e-01
5.682123079999999993e-01
3.267649641000000216e+00
5.394445900000000016e-01
6.512719641000000337e+00
5.856607385000000221e+00
6.509292435999999960e+00
5.870777999999999608e+00
6.531094846000000231e+00
6.511661768999999822e+00
5.870873871999999771e+00
5.844916948999999917e+00
4.676331539999999953e-01
3.748176409999999792e-01
5.265685380000000304e-01
4.742305379999999793e-01
5.337399229999999495e-01
6.541553204999999593e+00
6.550136178999999892e+00
5.863638538000000011e+00
5.861659737000000092e+00
4.789269210000000054e-01
5.283230509999999880e-01
6.521982846000000222e+00
2.032915384999999908e+00
5.858542026000000291e+00
4.787036920000000140e-01
6.530098564000000216e+00
5.322155899999999606e-01
5.845517128000000007e+00
4.785443329999999884e-01
1.075622641000000002e+01
7.546414740000000343e-01
1.092121623000000064e+01
5.015472050000000515e-01
3.860806319999999792e-01
7.513866670000000081e-01
1.077362789999999926e+01
1.090934994999999930e+01
5.106154870000000345e-01
1.072498874000000058e+01
4.991342309999999838e-01
1.073643292000000038e+01
7.561633079999999785e-01
7.420238209999999723e-01
1.090294744999999921e+01
2.084313768999999983e+00
1.090541475999999932e+01
5.022422819999999843e-01
1.073141863999999934e+01
7.347294619999999998e-01
1.089260928000000028e+01
5.012981279999999540e-01
7.412808969999999942e-01
1.074257476999999916e+01
1.091743364999999955e+01
5.030990260000000047e-01
5.264057690000000234e-01
1.072920043999999962e+01
4.972558970000000023e-01
1.072417242000000037e+01
7.475031030000000021e-01
7.474162109999999970e-01
1.092490839000000058e+01
1.090993633999999979e+01
5.085167630000000383e-01
1.074750492000000079e+01
7.726469999999999727e-01
5.774410770000000248e-01
1.094365299999999941e+01
5.102094590000000318e-01
7.711378719999999465e-01
1.074499761000000042e+01
1.092760941000000052e+01
5.124154210000000376e-01
1.070295613000000046e+01
5.179684740000000120e-01
1.070997069000000046e+01
7.507857949999999780e-01
3.762766049999999862e-01
7.625584100000000198e-01
1.090099747000000008e+01
1.091584940999999986e+01
5.203099230000000075e-01
1.073978641000000067e+01
7.715184360000000297e-01
1.093962544999999942e+01
5.201641280000000034e-01
7.569007629999999764e-01
1.070720546000000084e+01
3.897268680000000041e-01
1.091923202999999987e+01
5.253685139999999532e-01
1.073624425999999943e+01
5.238872820000000097e-01
1.075169617999999971e+01
7.729783590000000038e-01
7.497888679999999972e-01
1.092837102999999921e+01
1.089037103000000073e+01
4.838331790000000021e-01
3.237451462000000113e+00
1.073149938999999975e+01
7.507552819999999683e-01
1.092207520999999915e+01
4.967481029999999964e-01
7.521219740000000265e-01
1.073348166999999975e+01
1.090934865999999914e+01
5.029557439999999824e-01
1.073193179000000086e+01
4.971783590000000141e-01
3.660156319999999797e-01
2.023702683999999863e+00
1.073315820999999914e+01
7.640173329999999652e-01
7.483308680000000379e-01
1.090138211000000013e+01
1.091780143000000081e+01
5.088365129999999903e-01
1.072231651000000063e+01
7.792617370000000099e-01
1.092486096999999923e+01
5.150428209999999840e-01
3.283354436000000209e+00
7.731302559999999602e-01
1.071312346000000026e+01
1.093485472000000058e+01
5.128574209999999800e-01
1.073352554000000048e+01
5.189375259999999823e-01
1.071033869999999943e+01
7.822040510000000113e-01
7.768122560000000343e-01
1.093809178999999965e+01
2.086284486999999910e+00
1.090397150000000082e+01
4.981747690000000173e-01
1.073721177000000004e+01
7.417151840000000274e-01
1.089870561000000038e+01
5.001936580000000410e-01
7.512434359999999867e-01
1.073775194999999982e+01
1.093090467000000032e+01
5.129312050000000012e-01
5.272783680000000528e-01
1.073662118000000021e+01
5.180000510000000169e-01
1.073738379000000087e+01
7.536931789999999909e-01
7.596197369999999616e-01
1.091765413000000073e+01
1.092284294999999972e+01
5.015536409999999945e-01
1.073467531000000008e+01
7.464941349999999476e-01
5.799778970000000200e-01
1.090408073999999949e+01
5.209346150000000453e-01
7.576764099999999669e-01
1.071357062000000049e+01
1.092321955999999972e+01
4.934118459999999873e-01
1.072132745999999948e+01
5.213993850000000485e-01
1.072951600000000028e+01
7.496238969999999835e-01
3.232799051000000201e+00
7.534221840000000503e-01
1.091143300000000060e+01
1.090747739000000038e+01
4.820400530000000239e-01
1.075294844999999988e+01
7.495331790000000494e-01
1.091721994999999978e+01
4.997273680000000051e-01
7.521337439999999930e-01
1.074956118000000060e+01
3.271027281999999925e+00
1.091687083999999963e+01
5.130242630000000359e-01
1.072218679000000030e+01
4.987367630000000274e-01
1.073939728000000038e+01
7.540409230000000296e-01
7.521759230000000240e-01
1.089609049000000063e+01
1.090256156000000054e+01
5.018747690000000539e-01
5.216003420000000501e-01
1.072518838000000052e+01
7.324066320000000019e-01
1.088968561999999984e+01
4.989279229999999954e-01
7.428316670000000288e-01
1.074104331000000023e+01
1.089773218000000021e+01
5.068292559999999503e-01
1.073048192000000078e+01
4.969388209999999750e-01
3.212456512999999791e+00
1.071889763000000073e+01
7.476107180000000074e-01
7.476308419999999622e-01
1.092263557999999968e+01
1.090660770999999940e+01
4.850872629999999908e-01
1.074310623000000042e+01
7.503671029999999798e-01
1.091928708000000015e+01
4.970076319999999770e-01
5.833307690000000267e-01
7.530756410000000178e-01
1.073007592000000088e+01
1.091302645999999932e+01
5.005498720000000068e-01
1.073576884999999947e+01
5.019239229999999941e-01
1.073449920999999918e+01
7.444255899999999704e-01
7.489627180000000273e-01
1.089816197000000031e+01
3.908122310000000099e-01
3.285266231000000037e+00
1.093388561999999986e+01
5.058564359999999649e-01
1.073222956000000039e+01
7.600848719999999670e-01
1.089938603000000050e+01
5.035396669999999686e-01
7.459160000000000235e-01
1.073052953999999914e+01
1.090354871999999986e+01
4.987353950000000258e-01
3.629262050000000017e-01
1.073134482000000034e+01
4.941660769999999814e-01
1.072144677000000001e+01
7.492690770000000056e-01
7.511307440000000168e-01
1.091825515999999929e+01
1.091842049000000081e+01
5.067970000000000530e-01
1.073302486999999950e+01
7.730782309999999491e-01
3.855071279999999767e-01
1.093758496999999963e+01
5.100305379999999777e-01
7.741852820000000301e-01
1.073383922999999918e+01
1.091078934999999994e+01
5.206374470000000310e-01
1.072372408000000021e+01
5.152651839999999872e-01
1.072662653000000077e+01
7.749591789999999980e-01
3.734425379999999906e-01
7.767315380000000546e-01
1.095805760000000006e+01
1.093680791999999968e+01
5.065357889999999585e-01
1.071307279000000001e+01
7.766544319999999502e-01
1.092307914000000046e+01
5.140110789999999819e-01
7.739517369999999730e-01
1.071813597000000051e+01
4.018780259999999993e-01
1.093730717000000041e+01
5.122603589999999985e-01
1.073227935999999971e+01
5.199473079999999969e-01
1.071331531000000048e+01
7.821507180000000226e-01
7.765198460000000136e-01
1.093798632999999931e+01
1.090887168000000074e+01
5.113902820000000293e-01
2.030725589999999858e+00
1.070031926000000055e+01
7.521713589999999838e-01
1.089621784999999932e+01
5.182449740000000249e-01
7.652423849999999694e-01
1.070652703000000017e+01
1.091147454000000039e+01
5.131136410000000092e-01
1.073574548999999934e+01
5.169188460000000429e-01
2.041645103000000017e+00
1.073250715000000000e+01
7.518941839999999655e-01
7.545686150000000536e-01
1.091237077000000077e+01
1.091980451000000052e+01
5.206399470000000473e-01
1.069808689999999984e+01
7.548893850000000239e-01
1.093873607999999997e+01
5.231840260000000242e-01
2.060584103000000056e+00
7.565901029999999583e-01
1.074009148999999930e+01
1.096258695000000039e+01
5.234660260000000287e-01
1.077014096999999992e+01
5.209843589999999525e-01
1.074816196999999995e+01
7.547044870000000349e-01
7.593548209999999576e-01
1.092467809999999950e+01
2.077240359000000147e+00
1.093052184000000082e+01
4.855916149999999765e-01
7.535644620000000460e-01
5.002953589999999950e-01
7.523726920000000096e-01
5.126974869999999518e-01
4.975662310000000255e-01
7.684093589999999585e-01
7.491378950000000536e-01
5.087849169999999477e-01
5.044075000000000086e-01
7.377684100000000411e-01
5.046063160000000547e-01
7.459408969999999917e-01
5.064200260000000231e-01
4.986537180000000236e-01
7.507500510000000293e-01
7.510654100000000444e-01
5.100744099999999781e-01
7.763939739999999867e-01
5.120582820000000313e-01
3.260884308000000065e+00
5.823062310000000075e-01
7.818693949999999671e-01
5.150101540000000533e-01
5.201981279999999819e-01
7.585844499999999657e-01
7.691521789999999914e-01
5.277027439999999459e-01
7.754884869999999486e-01
5.215011790000000369e-01
7.601431279999999457e-01
5.202505130000000255e-01
3.251999359000000034e+00
5.260411280000000245e-01
7.751466670000000114e-01
7.471854100000000498e-01
1.078138277000000045e+01
1.092122183999999940e+01
1.076879525999999920e+01
1.092120169999999924e+01
1.072285968999999994e+01
1.073536043999999912e+01
1.091570532000000071e+01
3.301858000000000182e+00
1.092807112999999930e+01
1.075135367000000031e+01
1.093500402999999999e+01
1.074538375999999928e+01
1.094271159000000004e+01
1.074745925999999940e+01
1.076239458999999954e+01
1.093649951000000087e+01
1.093799605000000064e+01
1.072912464000000021e+01
3.681294869999999775e-01
1.089249438000000048e+01
1.074268546999999963e+01
1.094762564000000005e+01
1.072663069000000036e+01
1.073962571000000032e+01
1.091973362000000058e+01
1.093051561999999954e+01
1.075906168999999934e+01
1.091935168999999917e+01
1.070283489999999915e+01
2.028609432000000101e+00
1.090663063000000044e+01
1.072237471999999947e+01
1.075216162000000075e+01
1.092611246999999963e+01
1.092420888999999917e+01
4.851928719999999973e-01
7.485283240000000227e-01
4.966729739999999893e-01
7.437547180000000369e-01
5.057798970000000338e-01
3.861383330000000003e-01
4.982019229999999910e-01
7.606448460000000411e-01
7.475449229999999723e-01
4.997308460000000063e-01
7.471155379999999679e-01
5.053901790000000505e-01
7.456730000000000302e-01
5.037942309999999813e-01
4.929071280000000277e-01
7.525091029999999570e-01
2.080587589999999931e+00
7.508320259999999857e-01
1.074110482000000033e+01
1.093023947999999912e+01
1.075394131000000009e+01
1.092514289000000005e+01
1.073783418000000012e+01
1.073270830000000053e+01
1.089054357000000017e+01
1.093955262000000062e+01
1.075871609999999912e+01
5.205054099999999462e-01
1.092139859000000079e+01
1.075553567000000044e+01
1.092684556999999934e+01
1.073794241000000049e+01
1.071840066999999941e+01
1.093897147000000025e+01
1.093631075999999958e+01
5.098189229999999794e-01
7.822704870000000144e-01
5.122838459999999872e-01
5.700671280000000340e-01
7.900323590000000173e-01
5.161398719999999996e-01
5.183933590000000535e-01
7.761497689999999894e-01
7.769536409999999726e-01
1.071703016000000019e+01
1.091855879000000051e+01
1.074763843000000030e+01
1.096775017999999946e+01
1.072276817999999921e+01
3.671060769999999751e-01
1.073858794999999944e+01
1.095496988999999921e+01
1.090606134999999988e+01
5.171854869999999993e-01
7.550237370000000281e-01
5.204353330000000000e-01
7.662375900000000239e-01
1.075116822999999933e+01
1.074892168999999953e+01
1.093623945000000042e+01
2.042111204999999874e+00
3.938200259999999897e-01
1.094005484000000017e+01
5.226865899999999510e-01
7.592301030000000450e-01
1.074201554000000058e+01
1.092417518000000065e+01
5.218638719999999509e-01
1.075344265000000021e+01
7.575543590000000105e-01
1.091686424000000066e+01
4.802898210000000057e-01
3.254886563999999982e+00
4.981805639999999924e-01
5.116763159999999644e-01
4.985716410000000098e-01
5.006532049999999900e-01
4.997251030000000038e-01
5.059309229999999769e-01
4.980754359999999825e-01
5.096434100000000189e-01
5.102787690000000209e-01
5.125194870000000513e-01
2.043632768999999794e+00
5.181939490000000426e-01
5.237401539999999578e-01
5.228036150000000548e-01
5.184110530000000105e-01
5.253777950000000363e-01
4.859391789999999989e-01
4.991767950000000065e-01
5.078665380000000340e-01
4.975188210000000000e-01
5.055447440000000459e-01
3.285050000000000026e+00
5.153848210000000485e-01
5.101833850000000448e-01
5.192488720000000280e-01
5.012163330000000139e-01
5.007736149999999498e-01
5.129718720000000509e-01
5.183321029999999885e-01
5.057722559999999756e-01
5.226670260000000345e-01
4.932954620000000179e-01
2.065326768999999896e+00
5.203849739999999446e-01
7.508651280000000483e-01
7.434816579999999897e-01
7.537047180000000512e-01
7.485202109999999909e-01
7.325781789999999960e-01
7.387338949999999738e-01
7.479077179999999991e-01
7.469618460000000404e-01
7.502664869999999819e-01
5.345833589999999802e-01
7.493839740000000083e-01
7.402631029999999779e-01
7.513503889999999519e-01
7.619160000000000377e-01
7.437395900000000060e-01
7.481578719999999461e-01
7.545641539999999869e-01
7.724138720000000013e-01
7.746950259999999533e-01
7.732467690000000005e-01
5.818933080000000535e-01
7.843835000000000113e-01
7.799949999999999939e-01
7.846324209999999688e-01
7.836046669999999770e-01
7.752832819999999625e-01
7.528236409999999879e-01
7.656057179999999907e-01
7.530866670000000429e-01
7.596687180000000206e-01
7.572274359999999760e-01
3.209706256000000035e+00
7.566482820000000054e-01
7.495687439999999535e-01
7.529557630000000001e-01
1.075152351000000017e+01
1.076325431999999971e+01
1.074399984999999980e+01
1.075635940999999995e+01
1.075633178000000001e+01
1.074710291999999967e+01
1.073199076999999946e+01
3.279689127999999787e+00
1.072351899999999958e+01
1.074228897000000060e+01
1.072787871000000059e+01
1.070164267000000002e+01
1.071526779000000040e+01
1.072950518000000031e+01
1.070338886999999950e+01
1.073781576999999920e+01
1.074896131000000032e+01
1.091508581999999983e+01
5.272544869999999939e-01
1.093460194000000030e+01
1.092219408000000058e+01
1.091288179000000014e+01
1.095426658000000053e+01
1.095625863000000066e+01
1.092663873999999957e+01
1.094561262999999940e+01
1.089367073999999924e+01
1.092940353000000009e+01
1.090126352999999959e+01
3.286479332999999947e+00
3.225139025999999909e+00
1.093922500000000042e+01
1.091810425999999978e+01
1.091623081999999911e+01
1.090369734000000079e+01
1.089181905000000050e+01
1.073992390000000086e+01
1.074095956000000029e+01
1.075194624000000054e+01
1.075878918000000084e+01
1.075596192000000073e+01
5.788628970000000429e-01
1.073521977000000049e+01
1.074807692999999986e+01
1.074186553999999916e+01
1.093008945999999959e+01
1.093519017999999932e+01
1.091766594999999995e+01
1.095195554000000016e+01
1.090057685000000021e+01
1.090222323999999965e+01
1.091888643999999964e+01
3.285200897000000175e+00
1.092018342000000075e+01
1.071849197000000053e+01
1.073789949000000021e+01
1.071608913999999935e+01
1.071853912999999991e+01
1.092414671999999953e+01
1.094501722999999949e+01
1.095523679999999977e+01
1.093825215999999934e+01
1.074223392000000032e+01
3.701247440000000055e-01
1.073809083999999991e+01
1.091546044999999943e+01
1.094146096999999962e+01
1.073446402999999982e+01
1.092266743000000062e+01
1.072751599999999961e+01
1.092846304999999951e+01
6.176438459999999964e-01
1.256943512999999957e+00
6.315426920000000166e-01
3.843856920000000010e-01
1.261008053999999934e+00
6.434583080000000344e-01
6.305537949999999725e-01
1.254275473999999946e+00
1.242679641000000057e+00
6.336658969999999780e-01
1.241584763000000091e+00
6.305048460000000077e-01
1.251503513000000067e+00
6.383321280000000542e-01
3.552214619999999878e-01
6.275148419999999616e-01
1.251462282000000092e+00
1.249853574999999939e+00
6.342130259999999575e-01
1.307646972999999990e+00
6.403999230000000376e-01
1.311219410000000085e+00
6.384327690000000111e-01
6.432127439999999474e-01
1.258510513000000053e+00
3.871984359999999792e-01
1.273340316000000083e+00
6.571109229999999579e-01
1.308066367999999979e+00
6.470430259999999656e-01
1.277499691999999909e+00
6.541645900000000458e-01
6.492395130000000458e-01
1.308342872000000101e+00
1.255433025999999952e+00
6.181454619999999789e-01
2.034242769000000006e+00
1.256648103000000072e+00
6.332233849999999720e-01
1.257754500000000109e+00
6.403252310000000502e-01
6.286733329999999453e-01
1.267507691999999908e+00
1.247994846000000102e+00
6.366372559999999847e-01
1.310522589999999932e+00
6.435232309999999734e-01
2.039036922999999835e+00
1.309712210999999904e+00
6.458783850000000548e-01
6.489494869999999915e-01
1.316374410000000106e+00
1.305505179000000071e+00
6.307157690000000372e-01
1.254563359000000045e+00
6.331509469999999640e-01
1.262034872000000085e+00
6.360733589999999493e-01
2.087765026000000024e+00
6.388567889999999805e-01
1.261119308000000050e+00
1.255795154000000080e+00
6.314946409999999677e-01
1.257169323999999921e+00
6.434773849999999573e-01
1.266451205000000080e+00
6.236759229999999654e-01
6.411786919999999945e-01
1.268562683999999940e+00
2.066136666999999871e+00
2.085281026000000093e+00
1.257519872000000039e+00
2.000333022999999955e+01
2.125651895000000025e+01
1.998236191999999889e+01
2.124491330000000033e+01
1.996453113999999829e+01
2.003185895000000016e+01
2.126396932999999834e+01
2.127680149000000043e+01
1.997460373999999916e+01
5.044126669999999812e-01
2.121881066999999987e+01
2.001243381999999826e+01
2.122654941000000051e+01
2.000140869000000166e+01
1.999622812999999866e+01
2.127061804999999950e+01
2.123893397000000149e+01
2.002572924000000043e+01
2.129130263000000056e+01
2.000283007999999896e+01
5.692625639999999709e-01
2.126518722999999866e+01
1.998443710999999823e+01
2.000938010999999861e+01
2.121916691999999927e+01
2.130905966999999990e+01
1.998478872000000095e+01
2.123950423999999870e+01
1.997700867000000002e+01
2.123429378999999884e+01
2.002073694999999987e+01
3.246203384999999830e+00
1.997347407999999902e+01
2.126290716000000103e+01
2.129318582000000148e+01
1.996091125999999960e+01
2.126558434000000020e+01
1.996454007999999902e+01
2.128644432000000108e+01
1.999731785000000173e+01
1.999732089000000101e+01
2.128421034999999861e+01
3.276821179000000139e+00
2.124579247999999865e+01
1.997014048999999858e+01
2.124809366999999938e+01
1.992613430999999835e+01
2.129849746000000010e+01
1.999040613000000022e+01
1.995318238000000122e+01
2.127128332999999927e+01
2.124882514000000100e+01
1.991290885000000088e+01
3.695151580000000102e-01
2.119271615999999980e+01
1.990854850999999925e+01
2.119897587000000172e+01
1.993231064000000075e+01
1.992075226000000043e+01
2.121048718000000122e+01
2.124630553000000077e+01
1.992860510999999946e+01
2.120157997000000094e+01
1.992316471000000178e+01
2.042819128000000095e+00
2.126743786999999841e+01
1.995687025000000148e+01
1.995916010999999912e+01
2.117660667000000174e+01
2.117459327999999985e+01
6.127008210000000066e-01
1.252543108000000016e+00
6.292658209999999475e-01
1.247499458999999922e+00
6.405199999999999783e-01
3.888951279999999788e-01
6.298870770000000174e-01
1.258028888999999984e+00
1.243906205000000043e+00
6.319829230000000297e-01
1.243687973999999974e+00
6.314418720000000151e-01
1.250723409999999980e+00
6.378124099999999963e-01
6.259700510000000273e-01
1.253422409999999987e+00
2.068593896999999959e+00
1.252875409999999912e+00
6.334046920000000469e-01
1.304437231000000086e+00
6.412008209999999764e-01
1.302772897000000096e+00
6.354870769999999558e-01
6.413781029999999772e-01
1.255080667000000094e+00
1.268812526000000052e+00
6.515085640000000122e-01
5.314987439999999674e-01
1.313386200000000059e+00
6.474005640000000117e-01
1.275592435999999941e+00
6.503545899999999547e-01
6.538265130000000536e-01
1.312261641000000090e+00
1.262653462000000060e+00
2.001780249000000111e+01
2.125280753999999916e+01
2.002159231999999989e+01
5.355654359999999503e-01
5.833043850000000363e-01
2.128366353999999916e+01
2.000152629000000104e+01
2.002459599999999895e+01
2.124382927999999993e+01
2.123933637000000019e+01
1.999529554000000076e+01
2.129568672999999990e+01
2.001191694999999982e+01
2.128273598000000177e+01
1.999141861000000020e+01
3.758012310000000133e-01
1.999619752999999989e+01
2.125479948999999991e+01
2.122299632000000003e+01
1.996481058999999902e+01
2.124863892000000121e+01
2.001478013999999916e+01
2.131241384999999866e+01
1.990538048999999887e+01
1.990456297000000063e+01
2.118982361000000125e+01
3.830391539999999928e-01
2.120357489999999956e+01
1.998451279000000014e+01
2.122060155000000137e+01
1.992970702999999943e+01
2.123409807999999899e+01
2.001879664999999875e+01
1.994681216000000035e+01
2.125768974000000000e+01
2.117483426000000080e+01
6.145942049999999490e-01
3.223393846000000007e+00
1.257713717999999981e+00
6.317248720000000484e-01
1.257221154000000007e+00
6.414307949999999980e-01
6.290644619999999909e-01
1.269346435999999967e+00
1.249627409999999994e+00
6.333208209999999783e-01
1.256827179000000072e+00
6.326250509999999938e-01
2.037250307999999954e+00
1.257356820999999902e+00
6.345088460000000152e-01
6.270861279999999649e-01
1.266046538000000110e+00
1.271312242999999897e+00
2.001177867000000177e+01
2.130400905000000122e+01
1.997433734000000172e+01
2.127398443999999955e+01
2.002040407999999871e+01
3.282110230999999878e+00
2.001468171999999868e+01
2.121028228000000126e+01
2.130114826000000150e+01
1.999213508000000061e+01
2.123173940999999942e+01
1.996870425999999910e+01
2.127565222999999861e+01
2.001909651000000068e+01
1.998119746000000063e+01
2.129197167999999962e+01
2.083124537999999859e+00
2.124742033000000063e+01
6.325540769999999924e-01
1.311360512999999894e+00
6.391029999999999767e-01
1.305762563999999903e+00
6.427814619999999701e-01
6.480545899999999859e-01
1.311689692000000074e+00
1.306237051000000093e+00
1.995715879000000115e+01
5.210947179999999568e-01
2.127387845999999882e+01
1.998744177000000022e+01
2.125621058999999846e+01
1.993439620999999917e+01
1.997119387000000046e+01
2.127204100000000153e+01
2.123091769999999912e+01
6.344446670000000177e-01
1.261588332999999951e+00
6.422191839999999985e-01
5.680807180000000400e-01
1.254755296999999992e+00
1.993440561999999971e+01
1.992248129000000034e+01
2.124259379000000081e+01
2.125088185999999979e+01
6.453809230000000507e-01
1.266891409999999940e+00
1.989860155999999947e+01
2.126638163000000148e+01
6.431196919999999650e-01
3.250255281999999912e+00
1.996430441000000044e+01
1.266639615000000108e+00
2.119797810000000027e+01
6.160642889999999872e-01
6.316683330000000263e-01
6.444195900000000421e-01
6.312163589999999491e-01
6.446556669999999878e-01
6.347211539999999541e-01
6.398726150000000334e-01
5.874674359999999540e-01
3.293209359000000003e+00
6.268575640000000337e-01
6.399503850000000105e-01
6.432868680000000117e-01
6.412791279999999761e-01
6.438859230000000267e-01
6.507228969999999668e-01
6.449516410000000199e-01
6.459744360000000407e-01
6.465977179999999880e-01
6.153126150000000072e-01
5.247642310000000254e-01
6.269711789999999896e-01
6.371333590000000102e-01
6.247492049999999741e-01
6.375637950000000442e-01
6.433475640000000384e-01
6.446496670000000373e-01
6.469934870000000338e-01
6.284215640000000436e-01
6.339321789999999845e-01
6.358470510000000520e-01
3.231487564000000035e+00
6.411953329999999784e-01
6.315547950000000021e-01
6.442642309999999650e-01
6.254597440000000397e-01
6.431083330000000320e-01
1.253392526000000062e+00
1.246202384999999913e+00
1.252553188999999900e+00
1.244758183999999934e+00
1.246669500000000097e+00
5.797096670000000396e-01
1.256955269999999958e+00
1.257715718000000038e+00
1.255364737000000064e+00
1.257744578999999918e+00
1.257509385000000091e+00
1.258357702999999939e+00
1.266527667000000079e+00
1.269359342000000002e+00
1.260393000000000097e+00
1.242554657999999979e+00
3.268753974000000007e+00
1.266462409999999927e+00
1.306609973999999896e+00
1.311878641000000068e+00
1.304623053000000032e+00
1.304745076999999975e+00
1.307665410000000028e+00
1.309210025999999916e+00
1.308969974000000036e+00
1.308403262999999983e+00
1.255817667000000082e+00
3.693156919999999732e-01
1.269944205000000048e+00
1.263277237000000053e+00
1.255429871999999891e+00
1.270811675999999890e+00
1.268632667000000103e+00
1.256614499999999968e+00
1.259644127999999919e+00
2.000143346000000122e+01
1.998772552999999874e+01
2.000648358999999843e+01
3.956702309999999834e-01
2.002779800000000066e+01
2.000142997000000022e+01
2.002475148999999988e+01
1.997238192000000012e+01
2.000973364000000032e+01
1.997858891999999997e+01
1.998219465000000028e+01
1.992778754000000063e+01
1.994827829999999835e+01
1.997862474000000077e+01
3.636829739999999922e-01
1.993159044000000080e+01
1.997872488999999874e+01
1.994966494999999895e+01
2.126058623000000125e+01
2.123990884999999906e+01
2.127247194999999991e+01
2.128681595000000115e+01
2.129392504999999858e+01
2.124733902999999913e+01
2.127358742999999919e+01
3.898379490000000169e-01
2.126535206000000144e+01
2.125198963000000063e+01
2.131777858999999964e+01
2.120058094999999909e+01
2.120991420000000005e+01
2.126151403000000073e+01
2.123433421000000010e+01
2.124276103000000049e+01
2.120335028999999949e+01
2.003186854000000139e+01
2.041516821000000093e+00
2.001033865999999861e+01
2.001728121000000016e+01
1.999856803000000127e+01
1.997796418000000074e+01
1.997362714999999866e+01
1.997156185000000050e+01
1.997670650999999964e+01
2.127879349000000175e+01
2.129302502999999902e+01
2.125770615000000063e+01
3.207007127999999874e+00
2.035964332999999904e+00
2.131407207999999898e+01
2.128593638999999982e+01
2.126385502999999844e+01
2.128605071999999865e+01
2.128539883999999915e+01
1.991119881999999919e+01
1.995081618000000034e+01
1.996314174000000108e+01
1.997209411000000046e+01
2.126633737999999951e+01
2.092158461999999997e+00
2.125348402999999919e+01
2.125208054000000146e+01
2.123247200000000134e+01
1.992969910000000056e+01
1.992699010999999842e+01
2.121982922999999843e+01
2.124085665999999861e+01
1.991862477000000098e+01
2.124745624000000177e+01
1.996495760999999902e+01
2.066768768999999839e+00
2.121414315999999900e+01
6.174346410000000063e-01
6.456983080000000541e-01
6.356392309999999712e-01
6.352277179999999968e-01
6.395523159999999541e-01
6.369924620000000370e-01
6.499532559999999792e-01
6.448332049999999649e-01
6.188242050000000161e-01
5.292233849999999906e-01
6.379052819999999624e-01
6.365772309999999656e-01
6.402878969999999947e-01
6.333200260000000359e-01
6.395763330000000524e-01
6.331922559999999534e-01
6.444404360000000054e-01
2.004715256000000068e+01
1.996532616000000004e+01
1.996464238000000080e+01
5.672265640000000442e-01
1.999324155000000047e+01
2.000845023000000111e+01
2.001705464000000134e+01
1.998010217999999938e+01
1.997124602999999965e+01
1.995865125999999989e+01
1.996309869999999975e+01
1.994906604999999900e+01
1.997935082000000051e+01
1.995329896999999875e+01
3.256468205000000005e+00
1.997890299999999897e+01
1.993603046000000134e+01
1.991324967999999984e+01
6.314117179999999552e-01
6.278741030000000167e-01
6.382216579999999695e-01
6.231828459999999570e-01
6.433659739999999516e-01
6.415392109999999981e-01
6.493595380000000139e-01
3.268796795000000088e+00
6.533303329999999853e-01
2.002387102999999868e+01
2.002684402999999946e+01
1.999099276000000103e+01
1.997546533999999951e+01
1.997009508000000011e+01
1.990889888999999968e+01
1.998075615999999854e+01
1.996142561999999998e+01
6.331953949999999942e-01
3.617154360000000013e-01
6.290392049999999902e-01
6.361498460000000188e-01
6.275162819999999808e-01
2.001777541999999954e+01
2.002152342000000118e+01
1.998329036000000158e+01
1.997418416000000008e+01
6.465394359999999674e-01
6.469012370000000178e-01
1.994811389999999918e+01
2.020166487000000011e+00
1.993999949000000171e+01
6.437543329999999564e-01
1.996625643999999866e+01
6.439543850000000180e-01
1.994796481999999926e+01
1.251941513000000006e+00
1.254216231000000015e+00
1.241426026999999932e+00
1.255686794999999911e+00
1.306976743999999968e+00
3.883437949999999916e-01
1.272867178999999904e+00
1.323848788999999915e+00
1.275616537999999967e+00
1.256931811000000065e+00
1.268821315999999921e+00
1.317375262999999963e+00
1.312293718000000053e+00
1.254107053000000027e+00
1.264209692000000107e+00
1.263994513000000097e+00
5.730659489999999634e-01
3.286022486999999881e+00
2.073045973999999791e+00
1.269582820999999972e+00
1.253736135000000029e+00
1.249680711000000111e+00
1.256507102999999903e+00
1.258653526000000022e+00
1.258273589999999942e+00
1.261697666999999967e+00
1.248599526000000015e+00
1.274451342000000098e+00
1.313534050999999980e+00
5.345348210000000488e-01
1.313819026000000001e+00
1.315772050999999943e+00
1.317213103000000052e+00
1.268807615000000055e+00
1.254629178999999928e+00
1.264381050999999978e+00
1.267172178999999899e+00
2.129800061999999983e+01
2.123595999999999862e+01
2.126503444000000087e+01
5.802434619999999876e-01
2.126024845999999968e+01
2.129661842000000149e+01
2.118781622999999925e+01
2.126677146000000107e+01
2.124971803000000037e+01
2.124752843999999996e+01
2.124256721000000070e+01
2.127730843000000149e+01
2.123427445000000091e+01
2.128854716000000025e+01
3.760249740000000118e-01
2.123695453999999927e+01
2.127836704999999995e+01
2.121469151000000153e+01
2.125626186999999945e+01
2.128085673000000000e+01
2.121706726000000032e+01
2.123010950999999835e+01
2.125348737999999926e+01
2.129515978999999959e+01
2.128950741999999963e+01
4.067351539999999877e-01
2.130093035999999884e+01
2.127906727999999958e+01
2.125690116000000174e+01
2.128770885000000135e+01
2.126929263999999975e+01
2.119731387999999939e+01
2.121630808000000101e+01
2.122738123999999971e+01
2.118787375999999867e+01
9.179289999999999949e-01
3.244126025999999996e+00
9.333164470000000490e-01
9.437534869999999465e-01
9.324496049999999592e-01
9.320759739999999738e-01
9.297867690000000129e-01
9.325861540000000005e-01
9.212095900000000226e-01
9.519759490000000435e-01
9.499514869999999833e-01
9.224796149999999750e-01
2.040347614999999948e+00
9.265258969999999872e-01
9.602570510000000281e-01
9.260696919999999999e-01
9.583613330000000374e-01
9.314948720000000293e-01
9.177197569999999693e-01
9.266130510000000209e-01
9.353031050000000235e-01
9.249366919999999492e-01
9.491531789999999580e-01
3.280762102999999819e+00
9.533292890000000241e-01
9.556733080000000546e-01
9.567731280000000282e-01
9.184027110000000382e-01
9.250000000000000444e-01
9.241841029999999790e-01
9.242255900000000413e-01
9.218142559999999985e-01
9.275692049999999522e-01
9.178505900000000217e-01
2.086072924999999856e+00
9.252235530000000319e-01
3.779094682000000205e+01
3.775365402999999986e+01
3.774700753999999847e+01
3.777915048999999925e+01
3.780184815999999870e+01
3.776617999999999853e+01
3.776299626000000131e+01
3.782820645999999698e+01
3.776895805000000195e+01
5.271403329999999610e-01
3.780916777000000195e+01
3.774889950000000027e+01
3.785125336000000118e+01
3.781232054000000176e+01
3.782479278999999650e+01
3.786335167000000013e+01
3.780349443000000065e+01
3.766407550000000271e+01
3.758675808000000274e+01
3.768587227999999811e+01
5.279752049999999475e-01
5.696759999999999602e-01
3.766417555000000306e+01
3.762574099999999788e+01
3.764877895000000052e+01
3.763926494999999761e+01
3.765383471999999898e+01
3.769236348999999819e+01
3.765262229999999732e+01
3.768868333999999720e+01
3.767089860000000101e+01
3.765416342000000327e+01
3.245412564000000000e+00
3.764040388000000092e+01
3.773544085000000337e+01
3.771964421999999928e+01
2.385570867999999844e+00
2.393255769000000033e+00
2.390781538000000150e+00
2.390528846000000041e+00
2.104937179000000214e+00
2.125946563999999928e+00
2.110340925000000034e+00
3.304528948999999827e+00
2.104970600000000136e+00
2.147218946999999822e+00
2.151915872000000007e+00
2.157326563999999891e+00
2.184696683999999944e+00
2.159486692000000208e+00
2.185934923000000030e+00
2.145050794999999955e+00
2.173786360999999889e+00
3.905324590000000029e+01
5.255331789999999614e-01
3.905250958999999966e+01
3.897941153000000014e+01
3.900602617999999921e+01
3.893964177000000149e+01
3.887018743000000143e+01
3.886506021000000288e+01
3.882120441000000000e+01
3.895362455000000068e+01
3.905246067000000210e+01
3.889366165999999936e+01
3.245909768999999834e+00
3.890115512999999936e+01
3.903786357999999979e+01
3.896696445999999980e+01
3.899113622000000134e+01
3.886983458000000269e+01
2.364779922999999950e+00
2.393584026000000087e+00
2.394589514000000197e+00
2.393110243000000192e+00
2.114854375000000175e+00
5.703075130000000437e-01
2.098778282000000051e+00
2.102906872000000149e+00
2.103251487000000086e+00
3.906989820999999807e+01
3.897751023000000004e+01
3.901300368999999790e+01
3.906880739000000347e+01
3.899376582000000013e+01
3.899049205000000029e+01
3.899773017999999780e+01
3.298814718000000035e+00
3.904240665999999749e+01
2.150754436000000158e+00
2.140993744000000198e+00
2.134319050999999856e+00
2.145229789000000054e+00
3.894602294999999970e+01
3.888219600000000042e+01
3.885727219999999704e+01
3.892646591999999828e+01
2.168750359000000127e+00
3.633181320000000158e-01
2.179497324999999819e+00
3.887943553000000207e+01
3.885966009999999926e+01
2.146419299999999808e+00
3.893511028000000351e+01
2.157237999999999989e+00
3.887152033000000273e+01
9.098330770000000456e-01
9.214638969999999762e-01
9.295479229999999982e-01
3.869155639999999896e-01
9.249511030000000522e-01
9.167251279999999447e-01
9.211048160000000484e-01
9.241748459999999943e-01
9.146231839999999780e-01
9.447161280000000438e-01
9.439546669999999695e-01
9.157571789999999767e-01
9.148966670000000523e-01
9.552122560000000373e-01
3.671256410000000026e-01
9.213004870000000013e-01
9.502521790000000301e-01
9.385105129999999907e-01
9.183506839999999727e-01
9.247702559999999572e-01
9.295548719999999765e-01
9.259422560000000191e-01
9.651937029999999584e-01
9.519002559999999447e-01
9.545083079999999720e-01
3.227672999999999792e+00
3.935801839999999996e-01
9.568033849999999507e-01
9.271611050000000409e-01
9.300988420000000367e-01
9.221347629999999684e-01
9.176410259999999708e-01
9.128546920000000231e-01
9.228901579999999605e-01
9.117604870000000084e-01
9.256484619999999497e-01
2.378944076999999879e+00
2.035775359000000062e+00
2.399218107999999905e+00
2.388911157999999979e+00
2.394229973999999928e+00
2.110816999999999943e+00
2.098211590000000015e+00
2.102167564000000155e+00
2.117486845999999812e+00
2.379142474000000007e+00
2.402307332999999989e+00
2.115922625000000057e+00
2.039251154000000010e+00
2.103325974000000098e+00
2.408453231000000194e+00
2.091574512999999857e+00
2.394378842000000063e+00
2.087830461999999887e+00
2.146386473999999822e+00
2.141116711000000006e+00
2.160906683999999967e+00
2.139500052999999902e+00
2.159521605000000122e+00
2.082618513999999976e+00
2.139324537999999887e+00
2.137139315999999845e+00
2.147824050000000096e+00
2.155866650000000107e+00
2.169050486999999805e+00
2.159419949000000116e+00
2.160404675000000108e+00
2.158508308000000042e+00
2.155983589999999950e+00
2.150502589999999881e+00
2.086518684000000068e+00
2.156292973999999862e+00
3.779702703000000241e+01
3.781791950000000213e+01
3.782588032000000311e+01
3.783160105000000328e+01
3.776325046000000185e+01
3.777632029000000102e+01
3.782524730000000091e+01
3.784897167999999823e+01
3.767915670000000006e+01
5.280586579999999586e-01
3.760594412999999747e+01
3.770277027000000203e+01
3.768235299999999910e+01
3.769738128000000188e+01
3.768245302999999780e+01
3.763309224000000341e+01
3.772956831999999849e+01
3.902999248999999793e+01
3.897661833000000087e+01
3.902071011000000311e+01
5.742982309999999924e-01
3.894923083999999847e+01
3.893680561000000040e+01
3.888686261000000144e+01
3.898807792000000205e+01
3.889173461000000032e+01
3.903411847000000279e+01
3.903837621000000269e+01
3.884570880999999787e+01
3.888348132000000135e+01
3.898365031000000158e+01
3.237010845999999997e+00
3.887010212999999936e+01
3.900793059000000085e+01
3.881760360999999904e+01
3.777208904999999817e+01
3.781292548999999781e+01
3.778085249000000090e+01
3.783588965999999942e+01
3.781055317999999943e+01
3.781010484000000105e+01
3.782475843999999654e+01
3.263061421000000184e+00
3.784133617999999899e+01
3.906778557999999890e+01
3.896267576000000332e+01
3.901704558000000134e+01
3.908504823999999900e+01
3.897590920999999753e+01
3.901656905000000108e+01
3.903337077999999849e+01
3.898538956000000155e+01
3.758219815999999724e+01
3.706613950000000046e-01
3.756206594999999737e+01
3.765265879999999754e+01
3.755577107999999953e+01
3.887262168000000173e+01
3.886341099999999926e+01
3.888128472999999730e+01
3.881763449999999693e+01
3.772361563999999845e+01
3.770242978999999650e+01
3.893445515999999884e+01
5.778270260000000214e-01
2.021701307999999919e+00
3.902443741999999816e+01
3.765270104999999745e+01
3.893174534999999992e+01
3.765276138000000117e+01
3.888108757999999909e+01
9.093989209999999712e-01
9.297796919999999909e-01
9.146756919999999846e-01
9.189199230000000274e-01
9.477607949999999892e-01
3.874578889999999998e-01
9.177914999999999823e-01
9.552073079999999772e-01
9.215007950000000392e-01
9.116946839999999774e-01
9.243777629999999634e-01
9.438872050000000069e-01
9.485590769999999727e-01
9.212201049999999558e-01
9.183571539999999533e-01
9.196383080000000154e-01
2.076959948999999916e+00
9.278632110000000210e-01
3.783771789000000041e+01
3.774742382000000163e+01
3.776111225999999732e+01
3.782097036999999773e+01
3.781359594999999985e+01
3.776856672000000259e+01
3.780195883999999751e+01
3.774782454999999715e+01
3.765053525999999806e+01
5.212303080000000310e-01
3.769974108000000257e+01
3.764342496999999810e+01
3.760685434999999899e+01
3.765399476000000334e+01
3.772199254000000224e+01
3.759386097000000149e+01
3.765601175999999839e+01
9.259884210000000060e-01
9.292299739999999586e-01
9.278413159999999715e-01
5.757238679999999720e-01
9.169116149999999577e-01
9.502105640000000353e-01
9.246997949999999911e-01
9.543991280000000410e-01
9.338043329999999864e-01
3.780122438000000074e+01
3.783927932000000283e+01
3.759008259000000152e+01
3.763234667999999772e+01
3.780139049999999656e+01
3.705492559999999935e-01
3.766102043000000066e+01
3.783678092000000248e+01
3.774353504999999842e+01
9.253968649999999574e-01
9.256578420000000085e-01
9.300106320000000037e-01
9.181245900000000182e-01
3.782698953999999958e+01
3.778769317999999799e+01
3.783378396999999893e+01
3.858690000000000175e-01
3.782847721000000263e+01
9.548079999999999901e-01
9.618921540000000547e-01
3.762294870000000202e+01
3.760096433999999732e+01
9.158240530000000268e-01
3.763197205000000167e+01
9.233706149999999502e-01
3.771720375999999675e+01
2.378490768999999894e+00
3.235382795000000034e+00
2.374635640999999797e+00
2.093913075000000124e+00
2.087995513000000081e+00
2.138441421000000009e+00
2.154798725000000026e+00
2.150569384999999833e+00
2.159322674999999858e+00
2.369749640999999851e+00
2.404500289000000013e+00
2.159155128000000090e+00
2.028232384999999915e+00
2.151346821000000187e+00
2.118968692000000154e+00
2.171891923000000002e+00
2.102216874999999874e+00
2.164368474999999847e+00
2.387633768999999795e+00
2.397744563999999912e+00
2.102032204999999987e+00
2.117865614999999924e+00
2.406771462000000028e+00
3.276771590000000067e+00
2.101961324999999992e+00
2.408753051000000145e+00
2.105130563999999982e+00
2.144641025999999950e+00
2.133162255999999868e+00
2.148535922999999848e+00
2.156376324000000011e+00
2.170598700000000214e+00
2.171853775000000208e+00
2.160230025000000165e+00
3.288107409999999842e+00
2.069084462000000180e+00
2.154671125000000131e+00
3.903359249999999747e+01
3.902855626000000200e+01
3.904160610999999648e+01
3.901736428000000245e+01
3.892322881999999851e+01
3.890072723000000110e+01
3.891063894999999917e+01
3.889864323999999840e+01
3.898020267999999788e+01
5.128197180000000355e-01
3.894895495000000096e+01
3.893388517999999721e+01
3.886307287000000343e+01
3.906390946999999869e+01
3.892318448000000330e+01
3.901279669000000183e+01
3.885274730999999804e+01
3.901908502999999939e+01
3.898131496999999968e+01
3.900840567000000192e+01
5.827103850000000529e-01
3.895838513000000347e+01
3.899976407999999850e+01
3.901159565999999757e+01
3.900089546000000240e+01
3.902612325999999854e+01
3.891601003000000247e+01
3.880891060999999809e+01
3.888745345000000242e+01
3.882332133999999968e+01
3.893078174000000047e+01
3.206639564000000053e+00
3.887234141999999792e+01
3.896730588999999867e+01
3.880241076000000078e+01
9.096324869999999896e-01
9.146184619999999654e-01
9.473485900000000459e-01
9.174606149999999793e-01
9.088810510000000509e-01
9.425193849999999873e-01
9.144550769999999495e-01
3.313548308000000109e+00
9.170139999999999958e-01
3.778790482000000139e+01
3.773227117999999791e+01
3.776919929999999681e+01
3.772876672000000298e+01
3.763642964000000291e+01
3.756558507999999819e+01
3.764210167000000240e+01
3.766858322000000214e+01
2.367240316000000178e+00
5.174055899999999708e-01
2.093984475000000067e+00
2.135883281999999994e+00
2.155302999999999969e+00
3.893999234000000342e+01
3.893446121000000204e+01
3.902837232000000256e+01
3.882578331999999932e+01
2.380665367999999837e+00
2.117592409999999870e+00
3.901311179000000351e+01
3.200795026000000210e+00
3.892761239000000018e+01
2.149925053000000030e+00
3.886942788999999721e+01
2.161850025000000119e+00
3.884268338999999770e+01
9.320914999999999617e-01
9.138565260000000023e-01
9.588061049999999641e-01
9.205647439999999904e-01
9.246477440000000492e-01
5.802627179999999552e-01
9.484351279999999607e-01
9.128951840000000262e-01
9.204365129999999562e-01
2.373819076999999833e+00
2.101362820999999936e+00
2.406378026000000059e+00
2.099675667000000079e+00
2.157149410000000156e+00
2.145333631999999824e+00
2.172738744000000111e+00
3.284557589999999916e+00
2.155213691999999792e+00
3.774564929000000291e+01
3.781853308000000169e+01
3.770097866999999781e+01
3.762573456999999877e+01
3.893368973999999838e+01
3.895631769999999960e+01
3.896340792000000164e+01
3.893075446999999656e+01
3.780144216000000057e+01
3.676214099999999818e-01
3.778012892000000278e+01
3.904093897999999996e+01
3.897295602999999886e+01
3.761336241000000058e+01
3.892680193000000344e+01
3.764426725999999945e+01
3.890000346000000064e+01
9.212852630000000209e-01
9.273252629999999552e-01
9.428188969999999891e-01
3.659533079999999772e-01
3.917203080000000170e-01
9.165788969999999480e-01
9.193097180000000535e-01
9.539992369999999999e-01
9.298298950000000174e-01
9.206802889999999850e-01
3.782002932999999700e+01
3.776157251000000059e+01
3.777099745000000297e+01
3.782382617999999752e+01
3.764913542000000035e+01
3.676656669999999738e-01
3.758605146000000019e+01
3.760323766999999862e+01
3.765092769999999689e+01
9.279652369999999983e-01
9.159280509999999653e-01
9.541811279999999895e-01
9.331372559999999705e-01
3.784273553999999962e+01
3.760591596999999808e+01
3.783636074000000349e+01
3.970044870000000170e-01
3.766774239000000080e+01
9.210692310000000438e-01
9.121086050000000167e-01
3.776167958999999996e+01
3.780259232000000225e+01
9.607182050000000473e-01
3.760810141000000328e+01
9.237142050000000104e-01
3.771855300000000000e+01
2.398347296999999934e+00
2.040718179000000188e+00
2.106279849999999954e+00
2.145377525999999868e+00
2.165541385000000041e+00
2.392053821000000191e+00
2.136069691999999964e+00
2.092034922999999935e+00
2.169311691999999958e+00
2.391691736999999929e+00
2.116257590000000022e+00
2.395726788999999801e+00
2.040736308000000054e+00
2.097520550000000039e+00
2.134290816000000035e+00
2.146970564000000081e+00
2.159256462000000099e+00
2.167469307999999817e+00
3.902826896999999917e+01
3.906863495000000341e+01
3.890261725999999953e+01
3.888058937000000270e+01
3.898316396999999967e+01
2.072572026000000012e+00
3.878899275999999929e+01
3.900909208000000206e+01
3.886321387000000271e+01
3.902552427999999907e+01
3.905244765999999856e+01
3.894328533000000192e+01
3.902180402999999842e+01
3.888230399999999776e+01
3.886311151000000308e+01
3.884290236999999735e+01
2.071991825000000009e+00
3.882412646000000223e+01
5.022071280000000026e-01
3.239046538000000197e+00
3.620876410000000156e-01
3.849338460000000239e-01
2.026752564000000145e+00
5.164366150000000433e-01
3.606462819999999847e-01
3.249194256000000003e+00
2.035019435999999793e+00
5.288186150000000474e-01
3.201234436000000017e+00
5.279220260000000442e-01
3.222186666999999893e+00
3.676232819999999957e-01
3.537740260000000192e-01
3.563965640000000268e-01
2.023173649999999935e+00
2.043493154000000089e+00
5.201149739999999522e-01
3.251681341999999919e+00
3.595982819999999913e-01
2.021377846000000034e+00
5.199689229999999718e-01
3.695833590000000002e-01
3.232412153999999926e+00
3.825396409999999858e-01
2.015600211000000197e+00
5.301564869999999541e-01
3.237437025999999829e+00
5.147062310000000140e-01
3.204200128000000092e+00
3.633395899999999901e-01
3.659996919999999876e-01
2.036714788999999914e+00
2.039595332999999844e+00
5.682957180000000053e-01
2.023618486999999799e+00
3.286211896999999826e+00
3.830136920000000167e-01
2.087521333000000201e+00
5.679164100000000381e-01
3.854257689999999736e-01
3.283799923000000121e+00
2.058864307999999976e+00
5.672314360000000333e-01
3.255617845999999815e+00
5.738354359999999765e-01
3.219297512999999888e+00
2.039566949000000129e+00
3.275403076999999996e+00
3.898260259999999922e-01
4.005796150000000000e-01
2.063625103000000127e+00
2.086880537999999952e+00
5.812547949999999908e-01
3.276755436000000188e+00
3.851300509999999733e-01
2.085378897000000009e+00
5.745495130000000117e-01
2.088095845999999867e+00
3.918783849999999958e-01
3.260548769000000124e+00
2.074797666999999901e+00
5.775671540000000270e-01
3.285163846000000110e+00
5.841196920000000237e-01
3.319601153999999887e+00
3.814965639999999825e-01
3.908355379999999824e-01
2.086758789000000114e+00
2.087441897000000157e+00
2.075117153999999964e+00
5.075865899999999487e-01
3.229113025999999831e+00
3.670993850000000003e-01
2.037777794999999781e+00
5.147777180000000508e-01
3.634844099999999800e-01
3.239120230999999794e+00
2.030842744000000089e+00
5.268148459999999478e-01
5.186851279999999953e-01
3.209485896999999976e+00
5.249848209999999904e-01
3.226692385000000218e+00
3.689822309999999939e-01
3.625126410000000243e-01
2.027886590000000044e+00
2.025112871999999786e+00
5.695519999999999472e-01
3.265361077000000112e+00
3.881153330000000068e-01
5.667042049999999609e-01
2.070024026000000017e+00
5.794457689999999994e-01
3.825286669999999889e-01
3.271439845999999818e+00
2.079382794999999895e+00
5.667592559999999891e-01
3.281442178999999904e+00
5.769899739999999611e-01
3.268899923000000207e+00
3.885342820000000086e-01
3.238606358999999824e+00
3.836786409999999869e-01
2.075359256000000041e+00
2.060812127999999799e+00
5.172443850000000287e-01
3.238516871999999935e+00
3.651609210000000272e-01
2.030978896999999783e+00
5.296553590000000478e-01
3.675871789999999861e-01
3.247248077000000066e+00
3.267216820999999882e+00
2.039266255999999888e+00
5.691189229999999988e-01
3.302394590000000019e+00
5.719197689999999668e-01
3.287460076999999981e+00
3.874475900000000084e-01
3.905439740000000159e-01
2.081410867999999859e+00
2.087179641000000085e+00
5.217102310000000243e-01
3.605407179999999823e-01
3.239822666999999878e+00
3.700621279999999902e-01
2.028941000000000106e+00
5.740853080000000164e-01
3.877453849999999980e-01
3.280130000000000212e+00
2.072053416999999786e+00
5.157677179999999861e-01
3.198969538000000057e+00
5.811346410000000073e-01
2.019381026000000023e+00
3.280916820999999928e+00
3.658961029999999726e-01
3.943684100000000026e-01
2.036984691999999875e+00
2.074447231000000169e+00
5.024426669999999540e-01
3.651484620000000070e-01
5.178140509999999974e-01
3.600806670000000209e-01
5.294413079999999994e-01
3.884333850000000199e-01
5.288408460000000311e-01
3.671164619999999768e-01
3.589105129999999866e-01
5.196074469999999446e-01
3.536114360000000012e-01
5.222363589999999833e-01
3.696054999999999757e-01
5.293240510000000176e-01
5.127741540000000375e-01
3.641960530000000196e-01
3.281141385000000188e+00
2.061260256000000179e+00
3.674772049999999735e-01
5.042137439999999637e-01
3.664305900000000005e-01
5.148513850000000502e-01
3.630650770000000138e-01
5.159082560000000095e-01
5.274636409999999831e-01
3.614016919999999966e-01
3.658400769999999858e-01
5.254747109999999832e-01
5.210463589999999590e-01
3.683153590000000088e-01
5.236325640000000226e-01
3.727847630000000190e-01
5.265036579999999855e-01
5.185728950000000337e-01
3.639222559999999995e-01
3.688955680000000070e-01
3.237319487000000162e+00
2.025825590000000176e+00
3.252942897000000055e+00
5.752705380000000535e-01
2.036082205000000034e+00
3.205133743999999840e+00
3.227915461999999902e+00
2.024376973999999940e+00
2.042558871999999859e+00
3.222559230999999969e+00
2.029312872000000212e+00
3.208535127999999848e+00
2.026550922999999838e+00
3.237424872000000065e+00
3.704783589999999793e-01
3.226697845999999981e+00
2.031248564000000201e+00
2.020408435999999863e+00
3.237865487000000098e+00
2.018510000000000026e+00
3.237652718000000096e+00
2.031462154000000186e+00
3.239012256000000090e+00
3.238914846000000125e+00
2.029988158000000098e+00
3.897811279999999767e-01
2.034687794999999966e+00
3.234863307999999993e+00
2.015726744000000181e+00
3.234432179000000129e+00
2.022311794999999801e+00
3.206371563999999896e+00
3.204231486999999934e+00
2.033153025999999919e+00
2.045473868000000195e+00
5.763742429999999528e-01
3.247279525999999805e+00
3.852760259999999937e-01
5.665695130000000246e-01
3.878787180000000112e-01
5.851953949999999516e-01
5.758922050000000459e-01
3.831153589999999887e-01
3.835387439999999870e-01
5.682694870000000176e-01
3.870467180000000118e-01
5.741837180000000096e-01
2.015807462000000161e+00
3.898473080000000035e-01
5.721223330000000384e-01
5.809391029999999567e-01
4.003013850000000096e-01
3.917911029999999739e-01
3.284930385000000008e+00
2.084607486999999981e+00
3.286510435999999924e+00
2.063355555999999869e+00
3.268382204999999985e+00
3.262819922999999900e+00
3.275127332999999918e+00
2.065123513000000077e+00
2.085705744000000195e+00
3.278410769000000169e+00
2.088230974000000018e+00
3.256570230999999982e+00
2.074634128000000022e+00
3.281729308000000067e+00
3.310979640999999862e+00
2.085647768999999929e+00
2.072753359000000017e+00
2.071292333000000152e+00
5.680665900000000379e-01
3.827759490000000042e-01
5.663437439999999823e-01
3.936493850000000183e-01
5.765080259999999512e-01
5.795171030000000334e-01
3.827267950000000085e-01
3.826126409999999756e-01
3.260510743999999850e+00
5.290623589999999821e-01
2.066526564000000121e+00
3.267143769000000031e+00
2.080850768999999989e+00
3.280897820999999936e+00
3.269185513000000043e+00
2.075955103000000079e+00
2.056878230999999779e+00
5.693458970000000452e-01
3.880591030000000163e-01
5.680694099999999969e-01
3.657898969999999750e-01
5.738021279999999669e-01
3.902510000000000145e-01
3.299539409999999950e+00
3.290259589999999790e+00
2.084624666999999931e+00
2.089374256000000152e+00
5.749994360000000304e-01
3.870237440000000029e-01
3.292856820999999989e+00
2.070425333000000201e+00
5.808965640000000041e-01
3.241249359000000219e+00
3.280100564000000052e+00
3.979157179999999738e-01
2.074619794999999822e+00
4.330310789999999854e-01
4.367457690000000059e-01
6.536292081000000032e+00
6.528259743999999642e+00
5.176837840000000357e-01
5.839386178999999899e+00
5.166121280000000038e-01
3.279270282000000147e+00
5.844405820999999612e+00
4.492982369999999892e-01
4.455186919999999939e-01
5.101993080000000180e-01
5.111098889999999839e-01
6.539771000000000001e+00
5.837921359000000088e+00
6.528687204999999771e+00
5.845709641000000012e+00
4.609383850000000060e-01
5.140987689999999555e-01
4.543798720000000180e-01
6.499420473999999892e+00
6.514113640999999788e+00
4.541669740000000011e-01
6.525094102999999812e+00
4.519870509999999730e-01
6.527211974000000083e+00
5.163046150000000223e-01
5.230989470000000363e-01
5.136425380000000374e-01
3.206389102999999796e+00
5.093195900000000442e-01
5.815808461999999679e+00
5.849224614999999794e+00
5.840041102999999900e+00
5.830930153999999810e+00
4.532531029999999905e-01
4.455358209999999985e-01
6.534434768999999754e+00
6.527847718000000299e+00
5.056221279999999485e-01
5.840374099999999791e-01
5.829274683999999596e+00
5.132310260000000346e-01
5.841156332999999812e+00
4.477024359999999814e-01
4.526514099999999763e-01
5.171822050000000059e-01
5.126893850000000530e-01
6.521137590000000372e+00
5.824757896999999573e+00
6.525319794999999701e+00
3.316576153999999832e+00
5.832646897000000052e+00
4.608202820000000255e-01
4.544553849999999895e-01
6.531866744000000224e+00
6.516458658000000348e+00
4.442608209999999724e-01
6.506826590000000188e+00
4.428971540000000151e-01
6.493647846000000001e+00
5.103475130000000304e-01
3.643777950000000043e-01
5.191651539999999621e-01
5.134957439999999762e-01
5.207962369999999952e-01
5.830298631999999870e+00
5.831765895000000199e+00
5.835006794999999968e+00
5.831985691999999943e+00
4.638257689999999989e-01
4.645598160000000143e-01
6.528696768999999733e+00
3.943438209999999833e-01
6.515103026000000241e+00
5.372138969999999958e-01
5.860537949000000246e+00
5.393195259999999935e-01
5.855897589999999653e+00
4.617106670000000190e-01
4.629345380000000065e-01
5.404555640000000549e-01
5.438985899999999596e-01
6.527271104999999629e+00
3.653370770000000101e-01
5.826623436000000211e+00
6.527847236999999581e+00
5.850268179000000401e+00
4.645758209999999999e-01
4.664574870000000040e-01
6.507720744000000224e+00
6.534771948999999580e+00
4.681372050000000007e-01
6.515277763000000277e+00
4.663910529999999999e-01
2.023664640999999875e+00
3.886762630000000218e-01
6.541431590000000185e+00
5.280534359999999872e-01
5.247508459999999930e-01
5.357041790000000026e-01
5.287998969999999632e-01
5.833382179000000001e+00
5.852680262999999883e+00
5.852089974000000083e+00
5.853967564000000401e+00
4.749797439999999815e-01
2.032486077000000169e+00
4.713500769999999784e-01
6.531159308000000330e+00
6.520789641000000358e+00
5.341260770000000324e-01
5.868268332999999615e+00
5.398592559999999541e-01
5.852764614999999893e+00
4.752902560000000221e-01
4.754116669999999822e-01
5.306248970000000398e-01
2.037751838000000149e+00
5.262967179999999967e-01
6.517171077000000423e+00
5.854176512999999638e+00
6.516249077000000334e+00
5.841602487000000288e+00
4.728351539999999797e-01
4.742854739999999847e-01
6.521524641000000067e+00
6.508307923000000272e+00
4.785362819999999795e-01
2.080248973999999862e+00
6.547986666999999983e+00
4.775479229999999853e-01
6.524064973999999850e+00
5.388496919999999912e-01
5.367774360000000522e-01
5.259560260000000209e-01
5.303369999999999473e-01
5.859309103000000185e+00
5.846541000000000210e+00
5.837750794999999826e+00
2.072255462000000215e+00
5.846551821000000260e+00
4.308149230000000163e-01
4.350567630000000130e-01
6.526412281999999898e+00
6.516849666999999791e+00
5.156979739999999479e-01
5.822014614999999615e+00
5.114586410000000471e-01
5.834275359000000272e+00
4.454908209999999813e-01
5.057452820000000182e-01
4.435079490000000124e-01
5.081222819999999807e-01
5.070709230000000067e-01
6.530643153999999839e+00
5.827725896999999655e+00
6.513998205000000041e+00
5.843382640999999822e+00
4.619704359999999843e-01
4.525219489999999789e-01
6.500603410000000082e+00
5.690460510000000527e-01
6.510114921000000443e+00
4.520879440000000193e-01
6.512115641000000288e+00
4.498310509999999818e-01
6.514531973999999614e+00
5.204340769999999949e-01
5.240383589999999536e-01
5.164435899999999524e-01
5.130741279999999627e-01
5.825731948999999688e+00
3.229357666999999932e+00
5.842219358999999557e+00
5.824390552999999748e+00
5.817292845999999962e+00
4.627603679999999775e-01
4.651936489999999869e-01
6.529475436000000244e+00
6.525160513000000329e+00
5.372316150000000512e-01
5.869864641000000383e+00
5.408183589999999707e-01
3.266310154000000132e+00
5.851872410000000357e+00
4.761058109999999899e-01
4.718838969999999966e-01
5.339944100000000304e-01
5.386426669999999639e-01
6.526388103000000385e+00
5.862114026000000422e+00
6.521461614999999767e+00
5.867254282000000210e+00
4.645878720000000128e-01
3.633848210000000245e-01
4.662812889999999877e-01
6.537153896999999603e+00
6.544703640999999905e+00
4.716746669999999919e-01
6.517839051000000161e+00
4.732198209999999849e-01
6.504620563999999661e+00
5.434390510000000063e-01
5.452474470000000517e-01
5.381596669999999527e-01
3.857016919999999849e-01
2.036845127999999949e+00
5.387457439999999709e-01
5.840418692000000078e+00
5.871912744000000295e+00
5.862202538000000018e+00
5.845024461999999588e+00
4.482719740000000175e-01
4.453162820000000077e-01
6.527244718000000390e+00
6.537380589999999714e+00
5.090304359999999750e-01
3.874655379999999982e-01
5.830875154000000116e+00
5.197057689999999841e-01
5.835258486999999938e+00
4.592782109999999918e-01
4.555780509999999839e-01
5.155934869999999615e-01
5.194978719999999717e-01
6.540663743999999724e+00
5.838697553000000262e+00
6.533827153999999915e+00
2.070339821000000136e+00
5.845653051000000211e+00
4.653103330000000204e-01
4.683854619999999747e-01
6.516162590000000421e+00
6.549062973999999926e+00
4.692275129999999850e-01
6.534529949000000393e+00
4.664047179999999959e-01
6.550221589999999594e+00
5.283225900000000363e-01
5.171401279999999767e-01
5.266241280000000247e-01
5.354782559999999858e-01
5.313489489999999593e-01
5.841889205000000196e+00
5.864361537999999818e+00
5.867085896999999939e+00
5.863058922999999645e+00
4.484293679999999949e-01
4.498321029999999832e-01
6.524265436000000307e+00
5.678801580000000238e-01
6.520371307999999644e+00
5.155272309999999747e-01
5.823074333000000102e+00
5.179728970000000432e-01
5.827496567999999932e+00
4.746909189999999890e-01
4.755781789999999898e-01
5.284063589999999921e-01
5.249864619999999871e-01
6.519648446999999791e+00
3.619744619999999968e-01
5.858944237000000221e+00
6.532711307999999661e+00
5.851130948999999859e+00
4.480363079999999942e-01
4.449672559999999777e-01
6.517087054000000101e+00
6.505356332999999935e+00
4.786942630000000087e-01
6.559564154000000258e+00
4.772041790000000061e-01
3.940643079999999743e-01
6.538421179000000194e+00
5.192403589999999847e-01
5.229410770000000319e-01
5.282316409999999740e-01
5.320577180000000128e-01
5.840663153999999579e+00
5.848390216000000308e+00
5.845317385000000421e+00
5.858586436000000397e+00
4.329355899999999813e-01
3.240302922999999780e+00
6.521659231000000112e+00
5.150628210000000040e-01
5.837002462000000058e+00
4.478934099999999918e-01
5.068151029999999890e-01
6.537806384999999665e+00
5.839342795000000308e+00
4.604214360000000172e-01
6.497481128000000439e+00
4.532151790000000235e-01
2.036408821000000202e+00
6.521425895000000139e+00
5.189159490000000430e-01
5.145277179999999673e-01
5.826683026000000432e+00
5.850171204999999652e+00
4.522503079999999898e-01
6.524547552999999667e+00
5.061497950000000134e-01
5.822251750000000392e+00
4.500881030000000171e-01
3.289730281999999839e+00
5.172586150000000327e-01
6.527404231000000223e+00
5.825628820999999569e+00
4.581318209999999946e-01
6.529029486999999854e+00
4.439242820000000034e-01
6.507064974000000390e+00
5.116027690000000128e-01
5.201502310000000184e-01
5.829585845999999627e+00
2.079396867999999898e+00
2.073671948999999959e+00
5.830839744000000380e+00
4.342982109999999896e-01
6.515685183999999630e+00
5.091076669999999860e-01
5.831420666999999725e+00
4.474523080000000208e-01
5.127627179999999507e-01
6.516331513999999991e+00
5.833110332999999592e+00
4.433719230000000011e-01
5.194091280000000532e-01
6.522149461999999787e+00
4.541268720000000148e-01
6.519335640999999626e+00
5.155062820000000379e-01
5.177306409999999914e-01
5.822267080999999678e+00
5.846927359000000379e+00
4.545992309999999925e-01
6.512090281999999952e+00
5.229839739999999626e-01
5.694804359999999788e-01
5.822781896999999596e+00
4.482425130000000091e-01
5.172225900000000376e-01
6.517086768999999613e+00
5.830763210999999835e+00
4.546545129999999824e-01
6.534376795000000016e+00
4.429651279999999858e-01
6.503779578999999700e+00
5.126793079999999447e-01
3.247090667000000153e+00
5.213367949999999640e-01
5.829887921000000084e+00
5.849394102999999845e+00
4.629069740000000266e-01
6.542749204999999790e+00
5.378133080000000454e-01
5.874715768999999810e+00
4.633425899999999986e-01
5.397727369999999469e-01
6.536423526000000095e+00
3.303281666999999810e+00
5.840513999999999761e+00
4.765702560000000254e-01
6.540408205000000308e+00
4.734641540000000259e-01
6.531679604999999889e+00
5.371163949999999687e-01
5.384643080000000026e-01
5.871295512999999744e+00
5.871121564000000070e+00
4.644943590000000233e-01
5.297902559999999594e-01
6.528005816000000294e+00
5.378684870000000062e-01
5.859573946000000255e+00
4.733289999999999997e-01
5.400938720000000304e-01
6.519442204999999824e+00
5.853950640999999955e+00
4.637799229999999828e-01
6.530975215999999861e+00
4.762294100000000197e-01
3.241060640999999798e+00
6.506721589999999722e+00
5.435140510000000535e-01
5.362680789999999531e-01
5.846741815999999758e+00
5.843293973999999835e+00
4.634225129999999804e-01
6.514348410000000200e+00
5.274785379999999968e-01
5.845099846000000099e+00
4.674431789999999864e-01
5.730037949999999825e-01
5.357633080000000492e-01
6.529904718000000052e+00
5.868935946999999764e+00
4.675829490000000255e-01
6.537987614999999586e+00
4.679344870000000101e-01
6.551865153999999691e+00
5.259701540000000231e-01
5.314480259999999623e-01
5.864317231000000241e+00
3.297892513999999942e+00
5.858405667000000427e+00
4.767739999999999756e-01
6.502472359000000424e+00
5.278149739999999923e-01
5.856261615000000198e+00
4.733381790000000255e-01
5.263335129999999751e-01
6.527364820999999928e+00
5.852594762999999922e+00
4.789879739999999830e-01
3.617008720000000066e-01
6.555236255999999706e+00
4.779749999999999832e-01
6.533583050999999919e+00
5.271063080000000234e-01
5.324679490000000515e-01
5.861336231000000119e+00
5.861198538000000013e+00
4.324438970000000215e-01
5.154678969999999527e-01
4.491765380000000141e-01
5.185466920000000313e-01
3.891694099999999934e-01
5.075382050000000200e-01
4.603204049999999881e-01
4.531936919999999813e-01
5.204095380000000048e-01
5.141286409999999973e-01
4.505360509999999929e-01
5.076848969999999683e-01
4.513126670000000007e-01
5.148842820000000264e-01
4.569527110000000114e-01
3.675924099999999806e-01
4.392113850000000097e-01
5.122761279999999973e-01
5.150841280000000300e-01
4.643821539999999914e-01
5.358969999999999567e-01
4.619041030000000103e-01
5.416206919999999592e-01
4.659323850000000045e-01
4.683386150000000137e-01
5.254472310000000146e-01
3.833687949999999844e-01
5.356432309999999974e-01
4.757203850000000234e-01
5.322138210000000313e-01
4.746165379999999767e-01
5.249903080000000166e-01
4.717894999999999728e-01
4.770367440000000125e-01
5.389613509999999774e-01
5.275394359999999727e-01
6.525021231000000199e+00
2.031766499999999809e+00
5.823748691999999672e+00
6.526328614999999722e+00
5.832610553000000309e+00
6.487492358999999986e+00
6.513790743999999577e+00
5.812975308000000396e+00
5.843454358999999876e+00
6.546446204999999630e+00
5.870477385000000048e+00
6.533034231000000247e+00
2.034252897000000004e+00
5.865893845999999634e+00
6.538431026999999673e+00
6.550357154000000293e+00
5.851623867999999895e+00
5.860162640999999617e+00
6.522958578999999979e+00
5.816062614999999880e+00
6.524771000000000321e+00
5.840395563999999595e+00
6.514015589999999634e+00
2.086981154000000060e+00
6.528920385000000159e+00
5.840719640999999740e+00
5.864264078999999796e+00
6.525997178999999981e+00
5.825217367999999674e+00
6.516755692000000266e+00
5.849095153999999575e+00
6.504926923000000194e+00
6.552413436000000146e+00
5.831515281999999800e+00
2.085057189000000033e+00
5.840267210999999570e+00
4.352108210000000255e-01
5.134514100000000525e-01
4.456969740000000235e-01
5.040717110000000334e-01
4.522088949999999996e-01
4.485481539999999767e-01
5.215128159999999902e-01
5.113469229999999532e-01
4.439799999999999858e-01
5.249058210000000502e-01
5.144121790000000249e-01
4.480777180000000137e-01
5.180918719999999533e-01
4.533517440000000009e-01
4.428325639999999841e-01
5.198008459999999831e-01
5.173830510000000382e-01
6.516132050999999592e+00
5.830595154000000058e+00
6.515990409999999677e+00
5.773001030000000089e-01
5.835302103000000074e+00
6.536409487000000240e+00
6.534150750000000230e+00
5.831420614999999863e+00
5.833308179000000315e+00
6.501539820999999719e+00
5.823123537999999932e+00
6.515237640999999691e+00
5.817306641000000056e+00
6.517414461999999631e+00
3.209987896999999979e+00
6.494473526000000163e+00
5.816970948999999891e+00
5.832148563999999702e+00
4.641823159999999837e-01
5.383591540000000064e-01
4.640165529999999983e-01
5.415910000000000446e-01
4.732330260000000011e-01
4.785088969999999886e-01
5.400158720000000079e-01
