3.451000000000000000e+03
3.138000000000000000e+03
3.314000000000000000e+03
3.398000000000000000e+03
3.269000000000000000e+03
3.333000000000000000e+03
5.231000000000000000e+03
5.289000000000000000e+03
5.235000000000000000e+03
5.304000000000000000e+03
5.241000000000000000e+03
5.338000000000000000e+03
3.269000000000000000e+03
3.139000000000000000e+03
3.264000000000000000e+03
3.153000000000000000e+03
3.161000000000000000e+03
3.512000000000000000e+03
5.228000000000000000e+03
5.328000000000000000e+03
5.220000000000000000e+03
5.310000000000000000e+03
5.309000000000000000e+03
5.328000000000000000e+03
1.463800000000000000e+04
1.476100000000000000e+04
1.456200000000000000e+04
1.478600000000000000e+04
1.458000000000000000e+04
1.490500000000000000e+04
4.714000000000000000e+03
4.881000000000000000e+03
4.768000000000000000e+03
4.879000000000000000e+03
4.787000000000000000e+03
4.903000000000000000e+03
3.182000000000000000e+03
3.232000000000000000e+03
3.299000000000000000e+03
3.428000000000000000e+03
3.268000000000000000e+03
3.412000000000000000e+03
3.089000000000000000e+03
3.605000000000000000e+03
3.271000000000000000e+03
3.341000000000000000e+03
3.053000000000000000e+03
3.429000000000000000e+03
5.194000000000000000e+03
5.350000000000000000e+03
5.463000000000000000e+03
5.468000000000000000e+03
5.231000000000000000e+03
5.432000000000000000e+03
5.308000000000000000e+03
5.515000000000000000e+03
5.263000000000000000e+03
5.316000000000000000e+03
5.435000000000000000e+03
5.494000000000000000e+03
5.207000000000000000e+03
5.365000000000000000e+03
5.295000000000000000e+03
5.486000000000000000e+03
5.256000000000000000e+03
5.449000000000000000e+03
5.328000000000000000e+03
5.510000000000000000e+03
5.235000000000000000e+03
5.387000000000000000e+03
5.421000000000000000e+03
5.502000000000000000e+03
3.249000000000000000e+03
3.065000000000000000e+03
3.177000000000000000e+03
3.235000000000000000e+03
3.263000000000000000e+03
3.143000000000000000e+03
3.085000000000000000e+03
3.058000000000000000e+03
3.216000000000000000e+03
3.336000000000000000e+03
3.347000000000000000e+03
3.517000000000000000e+03
5.216000000000000000e+03
5.361000000000000000e+03
5.356000000000000000e+03
5.462000000000000000e+03
5.233000000000000000e+03
5.343000000000000000e+03
5.390000000000000000e+03
5.548000000000000000e+03
5.274000000000000000e+03
5.419000000000000000e+03
5.314000000000000000e+03
5.508000000000000000e+03
2.986000000000000000e+03
3.155000000000000000e+03
3.171000000000000000e+03
3.325000000000000000e+03
3.157000000000000000e+03
2.960000000000000000e+03
3.154000000000000000e+03
3.424000000000000000e+03
3.195000000000000000e+03
3.258000000000000000e+03
3.155000000000000000e+03
3.457000000000000000e+03
3.165000000000000000e+03
3.106000000000000000e+03
3.161000000000000000e+03
3.303000000000000000e+03
3.178000000000000000e+03
3.127000000000000000e+03
3.185000000000000000e+03
3.167000000000000000e+03
3.532000000000000000e+03
3.238000000000000000e+03
3.358000000000000000e+03
3.230000000000000000e+03
5.186000000000000000e+03
5.354000000000000000e+03
5.342000000000000000e+03
5.499000000000000000e+03
5.230000000000000000e+03
5.465000000000000000e+03
5.314000000000000000e+03
5.457000000000000000e+03
5.241000000000000000e+03
5.339000000000000000e+03
5.420000000000000000e+03
5.467000000000000000e+03
1.468500000000000000e+04
1.634200000000000000e+04
1.474400000000000000e+04
1.647900000000000000e+04
1.459400000000000000e+04
1.469400000000000000e+04
1.635100000000000000e+04
1.644000000000000000e+04
1.478500000000000000e+04
1.639900000000000000e+04
1.465600000000000000e+04
1.644800000000000000e+04
1.465300000000000000e+04
1.485200000000000000e+04
1.642700000000000000e+04
1.644600000000000000e+04
1.462700000000000000e+04
1.471000000000000000e+04
1.640100000000000000e+04
1.653100000000000000e+04
1.466700000000000000e+04
1.639200000000000000e+04
1.472700000000000000e+04
1.644200000000000000e+04
4.705000000000000000e+03
4.894000000000000000e+03
4.951000000000000000e+03
5.045000000000000000e+03
4.759000000000000000e+03
4.920000000000000000e+03
4.915000000000000000e+03
5.048000000000000000e+03
4.668000000000000000e+03
4.897000000000000000e+03
4.957000000000000000e+03
5.091000000000000000e+03
4.669000000000000000e+03
4.898000000000000000e+03
4.907000000000000000e+03
5.044000000000000000e+03
4.698000000000000000e+03
4.943000000000000000e+03
4.913000000000000000e+03
5.090000000000000000e+03
4.792000000000000000e+03
4.880000000000000000e+03
4.953000000000000000e+03
5.062000000000000000e+03
