7.319558571428569849e+03
1.321868928571428660e+04
7.655855357142855610e+03
1.197666428571428514e+04
9.882792499999999563e+03
9.154703928571429060e+03
1.005064250000000175e+04
1.156948928571428587e+04
9.130739642857142826e+03
1.058072142857142899e+04
9.600672500000000582e+03
7.374263214285713730e+03
9.632083928571430079e+03
1.233035357142857174e+04
1.008286357142857196e+04
1.080098928571428769e+04
6.634912499999997635e+03
8.753800714285715003e+03
7.731515357142855464e+03
1.126548571428571267e+04
9.883890357142856374e+03
6.610518928571427750e+03
7.435688928571426004e+03
1.005692642857142891e+04
1.414363928571428914e+04
1.172695357142857210e+04
1.678388571428571595e+04
8.795108214285715803e+03
7.640625357142857865e+03
7.958739999999997963e+03
1.080236428571428405e+04
6.867651428571429278e+03
8.872176071428568321e+03
9.805199642857143772e+03
1.048615714285714421e+04
6.837886071428570176e+03
2.229970357142857029e+04
1.456246785714285397e+04
7.818407142857141480e+03
1.040945357142857392e+04
1.167698214285714494e+04
1.125761428571428405e+04
2.317710714285714130e+04
1.216919999999999891e+04
9.772779285714283105e+03
1.082693214285714203e+04
2.402820357142857029e+04
6.927428928571428514e+03
1.163365357142857101e+04
9.905072142857145082e+03
1.082649642857142680e+04
1.452097142857142899e+04
1.059005000000000109e+04
8.919204642857141152e+03
1.755858571428571304e+04
1.499237857142857501e+04
1.063921071428571486e+04
7.214219285714286343e+03
7.308233214285713075e+03
1.010816107142857254e+04
7.429706071428571704e+03
1.019451428571428369e+04
6.831619999999999891e+03
9.742049285714283542e+03
1.061473214285714494e+04
3.064457142857142753e+04
1.118791785714285470e+04
1.001890821428571689e+04
1.110232142857143117e+04
7.626633214285714530e+03
9.796393214285713839e+03
7.818220357142856301e+03
7.605792142857142608e+03
7.286390357142857283e+03
1.482409642857143081e+04
1.056686071428571086e+04
1.163409285714285397e+04
1.062559285714285579e+04
1.163150357142857501e+04
1.547873928571428769e+04
1.861292499999999927e+04
1.048229642857142608e+04
7.479997500000000400e+03
7.893027857142857101e+03
1.063311428571428769e+04
1.211132142857142571e+04
9.602479285714285652e+03
1.142083571428571486e+04
9.100629285714285288e+03
9.757888571428571595e+03
1.000384142857142797e+04
6.884062142857143954e+03
6.713296071428570940e+03
7.303246428571427714e+03
1.123446071428571668e+04
7.274241785714286380e+03
7.669565714285714421e+03
8.222682857142854118e+03
9.677890357142858193e+03
1.033380000000000109e+04
7.644741071428570649e+03
1.359842857142857065e+04
1.021485071428571428e+04
1.030050000000000000e+04
1.082910714285714312e+04
6.669867499999998472e+03
1.160169285714285979e+04
9.826567142857142244e+03
1.096638571428571595e+04
1.233782500000000073e+04
1.148278214285713875e+04
1.252330000000000109e+04
7.312147857142856992e+03
1.056251071428571595e+04
8.791951071428571595e+03
9.219008214285715439e+03
1.120244642857142571e+04
1.130920714285714166e+04
1.529322142857142535e+04
1.048541785714285470e+04
7.210241071428572468e+03
1.126285000000000218e+04
1.681097142857142899e+04
9.541009285714286307e+03
9.131808928571426804e+03
2.240763214285713548e+04
8.846367142857143335e+03
1.054921428571428805e+04
9.123343214285714566e+03
7.625390357142854555e+03
9.841753928571430151e+03
1.003217892857142760e+04
1.929795357142857029e+04
9.646160357142856810e+03
1.068525357142857138e+04
9.888018571428570795e+03
6.893987500000000182e+03
1.231421071428571304e+04
1.061168928571428478e+04
1.051959642857142717e+04
7.206391428571427241e+03
9.650707857142857392e+03
7.261772142857143081e+03
6.950106071428573159e+03
1.121118571428571522e+04
8.752993214285712384e+03
1.088292857142857065e+04
1.348906785714285434e+04
7.943976785714285143e+03
1.070868214285714203e+04
1.408246071428571486e+04
1.126984285714285761e+04
7.668067142857141334e+03
1.129498214285714494e+04
9.661805000000003929e+03
1.121930357142857065e+04
1.100109642857142717e+04
1.995706785714285434e+04
7.407595000000001164e+03
1.001039107142857210e+04
1.004255607142857116e+04
1.049431428571428660e+04
1.038599642857143226e+04
1.124551428571428369e+04
1.021268928571428660e+04
8.774999285714287907e+03
7.265192142857141334e+03
1.084434285714285761e+04
9.797427500000001601e+03
7.270348928571428587e+03
9.725628928571428332e+03
1.020774107142857065e+04
4.422172142857141807e+03
1.174277500000000327e+04
1.047816071428571558e+04
8.476712142857142680e+03
1.040602857142857101e+04
1.061382857142857210e+04
7.234396071428572213e+03
1.207769285714285797e+04
9.633616071428570649e+03
9.782721071428570212e+03
1.078564285714285688e+04
7.564956428571429569e+03
1.124367499999999745e+04
1.023961428571428587e+04
9.564534999999999854e+03
9.997685000000001310e+03
1.450882500000000073e+04
1.082460714285714494e+04
1.010752750000000015e+04
1.163597142857142717e+04
1.036907142857142935e+04
1.164569285714285797e+04
1.067483571428571304e+04
1.288147500000000218e+04
6.647824642857143772e+03
1.280213214285714093e+04
1.454302857142857283e+04
8.250779642857143699e+03
1.920941785714286016e+04
1.059130714285714021e+04
1.058875357142857138e+04
9.188268928571427750e+03
1.084994285714285616e+04
9.104079999999998108e+03
7.328257857142855755e+03
1.072503571428571195e+04
1.163863571428571413e+04
9.765267142857142971e+03
9.166829285714284197e+03
7.771373571428571267e+03
1.129866071428571558e+04
9.639533928571428987e+03
1.243509285714285579e+04
8.892252500000000509e+03
7.203802142857143735e+03
1.111881785714285797e+04
1.083739999999999782e+04
6.690715357142857101e+03
9.528759642857141444e+03
1.056327857142857101e+04
7.289836785714285725e+03
9.903713928571431097e+03
9.963192857142857974e+03
1.365606785714285979e+04
1.054829285714286016e+04
1.140923571428571267e+04
6.866978928571426877e+03
1.314210714285714494e+04
1.162680357142857065e+04
1.348065357142856919e+04
9.986335714285711219e+03
1.358310357142856992e+04
1.165116071428571558e+04
1.091304999999999927e+04
8.241100714285714275e+03
7.246228571428569921e+03
6.850206071428568976e+03
9.031662142857143408e+03
1.129171428571428442e+04
6.760679285714285470e+03
7.023923928571428405e+03
1.025932499999999891e+04
7.943472857142856810e+03
1.060428214285714603e+04
9.933668214285713475e+03
1.015585035714285732e+04
1.038719285714285616e+04
9.934674999999999272e+03
9.895980714285713475e+03
1.126773214285714312e+04
9.968723571428572541e+03
9.799108214285713984e+03
1.053584285714285761e+04
7.284309999999999491e+03
1.080492857142856883e+04
1.613924285714285543e+04
1.081632857142857029e+04
1.060756071428571340e+04
1.163562857142857138e+04
1.080975714285714093e+04
1.125506785714285797e+04
1.105923571428571631e+04
1.319541428571428878e+04
1.488746071428571486e+04
9.645074285714284997e+03
1.353771071428571304e+04
9.638307857142854118e+03
1.051639285714285688e+04
9.957467500000000655e+03
1.033989249999999993e+04
1.040840357142857283e+04
9.169559285714285579e+03
9.857061428571427314e+03
9.990495000000000800e+03
7.264461785714286634e+03
1.005506071428571522e+04
7.813935714285713402e+03
1.132087142857142862e+04
1.306702142857142826e+04
1.005971750000000065e+04
1.080581428571428478e+04
2.428567857142857611e+04
1.324340714285714603e+04
9.158330714285713839e+03
7.258036428571429497e+03
7.539127857142857465e+03
1.455016071428571377e+04
8.441657142857142389e+03
6.773457857142857392e+03
1.212377142857143008e+04
7.851342857142854882e+03
1.257912142857142862e+04
1.059584285714285579e+04
1.088184642857142899e+04
1.080928214285714239e+04
1.518837500000000000e+04
9.112892499999999927e+03
9.729737500000001091e+03
6.868429999999999382e+03
1.105018571428571522e+04
6.861115000000000691e+03
9.248386785714286816e+03
8.793119285714285070e+03
7.237580714285714748e+03
1.084230357142857065e+04
1.067999642857142499e+04
9.118509285714284488e+03
9.078679642857143335e+03
1.084021071428571486e+04
8.840397142857142171e+03
2.722622857142856810e+04
7.029800714285715003e+03
8.003484642857144536e+03
6.890207857142856483e+03
7.675251428571428733e+03
9.623402500000000146e+03
6.961493214285714203e+03
1.086305357142857065e+04
1.058443214285714203e+04
7.551162500000001273e+03
1.035872857142857174e+04
1.686875000000000364e+04
1.084849999999999818e+04
1.086399285714285725e+04
1.063248928571428769e+04
7.140008214285713620e+03
7.538664285714286052e+03
9.875156071428571522e+03
1.151478571428571195e+04
9.626654285714286743e+03
9.863005357142857974e+03
1.272493571428571522e+04
1.288730000000000291e+04
1.217413214285714275e+04
1.080200357142857138e+04
9.269616428571429424e+03
1.099684285714285579e+04
6.819452142857143372e+03
1.062380714285714566e+04
8.478072857142857174e+03
1.008210464285714261e+04
1.350147857142856992e+04
8.996183571428573487e+03
1.009734499999999935e+04
9.969915357142857829e+03
7.519952142857143372e+03
6.656536428571428587e+03
1.196770714285714530e+04
1.128106785714285616e+04
1.180478214285714421e+04
7.452554999999999382e+03
6.575885714285714130e+03
1.087808214285714530e+04
1.057952857142857101e+04
8.712978928571428696e+03
8.836487857142854409e+03
7.833243214285712384e+03
1.144454999999999927e+04
1.054684642857142717e+04
1.079811071428571631e+04
9.961509999999998399e+03
1.025979999999999927e+04
9.940320357142860303e+03
9.932900714285713548e+03
8.412302857142856737e+03
1.160705357142857065e+04
1.160175714285714275e+04
1.077657857142857210e+04
1.161260000000000218e+04
1.404617857142857611e+04
1.007067857142857065e+04
8.934921071428570940e+03
7.852420714285713984e+03
1.107665357142857283e+04
8.782966071428571013e+03
1.056886071428571086e+04
7.931466428571430697e+03
7.824954642857143881e+03
7.800356428571428296e+03
1.001872071428571326e+04
1.064410714285714494e+04
1.323512142857142680e+04
1.042002857142857283e+04
1.078753928571428696e+04
1.020411428571428405e+04
7.918338214285715367e+03
1.295223928571428587e+04
1.063658571428571304e+04
8.908751785714288417e+03
7.873813928571428733e+03
8.820959285714285215e+03
4.836463571428570867e+04
7.825001428571429642e+03
1.043466785714285470e+04
8.905152857142858920e+03
1.044802499999999964e+04
1.088955357142857429e+04
1.070305000000000109e+04
1.024686071428571631e+04
1.011657392857143168e+04
1.049147500000000218e+04
7.325934999999999491e+03
1.262897142857143081e+04
1.094521071428571668e+04
1.031217499999999927e+04
1.079362142857142862e+04
7.884848571428571631e+03
1.250585714285714312e+04
1.117875000000000000e+04
8.855005714285713111e+03
7.495692499999997381e+03
1.167177499999999782e+04
7.241799285714288089e+03
7.368388571428570685e+03
1.080801785714285506e+04
9.615622500000001310e+03
1.152095357142857210e+04
7.332303571428570649e+03
8.825814285714286598e+03
1.000075392857143015e+04
9.618492857142857247e+03
9.968660714285713766e+03
1.464082142857142571e+04
9.092014285714287325e+03
9.702827499999999418e+03
1.133010000000000036e+04
1.593577857142857465e+04
1.472312857142856592e+04
1.122052142857143008e+04
9.079328214285715148e+03
1.737944285714285434e+04
1.070264285714285688e+04
1.310349642857142862e+04
6.913948928571425313e+03
6.652707142857142571e+03
1.027978964285714210e+04
1.071977142857142644e+04
9.884145000000000437e+03
1.593313214285714275e+04
1.441141785714286016e+04
1.623198214285714494e+04
9.972018571428572614e+03
8.441936428571429133e+03
1.109035714285714494e+04
1.158891428571428514e+04
1.120167142857142790e+04
8.784214285714286234e+03
6.875359285714285761e+03
9.951681785714285070e+03
1.085048214285714312e+04
7.785062142857142135e+03
8.980808571428571668e+03
1.024790214285714137e+04
7.397181785714284160e+03
7.439380714285713111e+03
1.000847535714285550e+04
4.474976785714285506e+04
1.255498928571428405e+04
1.247120357142857029e+04
1.276017142857142608e+04
9.158787500000000364e+03
1.057343928571428478e+04
7.480575357142856774e+03
1.080434642857142717e+04
1.139113571428571413e+04
9.709593214285714566e+03
8.756160714285713766e+03
8.695538214285714275e+03
1.452762142857142680e+04
1.459352142857143008e+04
9.912538928571428187e+03
7.311658928571430806e+03
9.878416428571426877e+03
9.751686071428570358e+03
9.997789642857142098e+03
1.139989999999999782e+04
1.561594642857142935e+04
6.964876785714286598e+03
1.348047857142856992e+04
1.023536928571428689e+04
9.948544285714287980e+03
1.088083928571428623e+04
8.924888928571430370e+03
1.301226428571428187e+04
7.820572142857144172e+03
1.447349285714285543e+04
7.360243214285714203e+03
1.009980285714285856e+04
9.549211785714285725e+03
1.080088214285714275e+04
6.733858214285713984e+03
9.601835000000002765e+03
1.023186071428571631e+04
1.460689285714285870e+04
8.432337857142856592e+03
1.029566785714285834e+04
1.372023928571428405e+04
1.166254642857142790e+04
8.925218928571430297e+03
7.856523571428572723e+03
1.163582142857142571e+04
1.453687142857142680e+04
1.006797500000000218e+04
1.056971428571428805e+04
1.282152142857143190e+04
1.093782857142857210e+04
9.560767142857142971e+03
8.809896785714287034e+03
8.836482142857141298e+03
9.152130714285714930e+03
7.265456071428570795e+03
1.449722857142857174e+04
1.086842142857142790e+04
6.666358214285713984e+03
1.161149642857142680e+04
1.015353035714285761e+04
8.794190357142857465e+03
1.801126071428571595e+04
7.274900357142855682e+03
7.252159285714285033e+03
1.078593571428571704e+04
1.097062142857142862e+04
7.530223571428572541e+03
9.619466785714286743e+03
1.014872464285714341e+04
7.272307142857142026e+03
1.008432464285714377e+04
6.646764642857140643e+03
9.680549285714285361e+03
1.158815357142857101e+04
1.041392500000000109e+04
1.350973928571428587e+04
1.174655000000000291e+04
1.055116785714285834e+04
1.173573571428571631e+04
1.104407142857142571e+04
9.665279642857141880e+03
1.012463464285714326e+04
9.878332857142855573e+03
1.023127142857142826e+04
1.007609678571428412e+04
9.561750000000000000e+03
9.957022142857140352e+03
9.970569285714287616e+03
3.206372142857142171e+04
9.876677857142862194e+03
1.018805714285714203e+04
7.278923571428572359e+03
9.609776785714284415e+03
2.027792857142856883e+04
1.170831785714285797e+04
9.791786785714284633e+03
7.571543928571429205e+03
9.887424642857144136e+03
1.068006785714285616e+04
7.238027857142857101e+03
7.865539642857141189e+03
7.894886071428570176e+03
1.076519285714285616e+04
9.982263214285712820e+03
1.004931428571428660e+04
1.134264642857143008e+04
9.229539285714283324e+03
1.061817142857142790e+04
1.121410000000000036e+04
6.745914642857142098e+03
1.002514607142856948e+04
1.085607142857142571e+04
1.061647142857142717e+04
1.242233571428571304e+04
9.899258214285713620e+03
1.040419642857143117e+04
1.416713214285714275e+04
1.007168678571428427e+04
7.237837142857141771e+03
1.123051071428571595e+04
1.029709285714285579e+04
6.864921071428572759e+03
1.458057857142857210e+04
1.502332857142857210e+04
1.049016785714286016e+04
1.627047142857143081e+04
2.122246785714285215e+04
1.086936785714285907e+04
1.244133928571428442e+04
9.916324285714284997e+03
9.775491071428570649e+03
8.404507500000001528e+03
1.123445714285714166e+04
7.663163214285714275e+03
9.678488214285713184e+03
7.596398214285713948e+03
8.773922142857141807e+03
9.276332142857141662e+03
9.889011785714284997e+03
8.612562142857141225e+03
9.815322857142857174e+03
9.959477142857143917e+03
1.003912249999999949e+04
1.044716071428571922e+04
1.055993571428571340e+04
1.089202142857143008e+04
1.015939250000000175e+04
1.127336071428571631e+04
9.878282142857138751e+03
1.035697142857142717e+04
1.023485357142856992e+04
1.893400000000000000e+04
9.625029642857141880e+03
6.620012857142858593e+03
7.290916785714286561e+03
1.256941785714286016e+04
1.163905357142857065e+04
7.846395714285715258e+03
1.138158214285714166e+04
8.955960000000000946e+03
1.045759285714285579e+04
9.756086785714287544e+03
7.559093928571427568e+03
1.125908928571428805e+04
1.123427142857142826e+04
7.612346071428570212e+03
6.767398928571426950e+03
1.059334285714285397e+04
7.355172142857142717e+03
9.884093928571428478e+03
1.092704642857142971e+04
8.178707857142857392e+03
1.016385535714285470e+04
1.092333571428571304e+04
6.859159999999998945e+03
9.900191428571430151e+03
1.080422857142857174e+04
1.067100714285714275e+04
9.735156428571428478e+03
1.448566785714285288e+04
1.001337678571428478e+04
1.284115000000000327e+04
7.994454642857142062e+03
9.793922500000000582e+03
1.145080000000000291e+04
1.408224285714285725e+04
1.007010714285714312e+04
1.086082142857142935e+04
7.751439285714285688e+03
7.856186071428571267e+03
9.551050357142856228e+03
1.003235285714285783e+04
7.926870714285711983e+03
1.006057250000000022e+04
8.853572499999998399e+03
1.078181785714285616e+04
1.083412500000000182e+04
1.084889999999999782e+04
1.059952499999999782e+04
9.224054285714288199e+03
1.055301428571428733e+04
1.004363464285714326e+04
1.926404999999999563e+04
8.738042857142858338e+03
7.923710000000000036e+03
7.197506071428571886e+03
8.775375000000001819e+03
9.862310714285715221e+03
6.826821428571429351e+03
9.656111071428573268e+03
1.051706428571428478e+04
1.132823571428571267e+04
8.859462857142856592e+03
1.030111071428571631e+04
1.751437142857143044e+04
1.048118928571428296e+04
9.612191785714285288e+03
9.602042142857142608e+03
1.003113107142857370e+04
6.571327499999998508e+03
9.583359642857145445e+03
8.793626428571427823e+03
1.160185000000000400e+04
1.145698571428571267e+04
6.754821785714286307e+03
8.826060714285713402e+03
9.665455714285713839e+03
2.124301428571427823e+04
1.085952857142857101e+04
1.582604642857142426e+04
1.547812142857142499e+04
1.079177142857142826e+04
1.140796785714285397e+04
1.027403571428571377e+04
9.883741785714284561e+03
1.409098928571428405e+04
9.337723214285713766e+03
1.085317857142857429e+04
1.536144285714285616e+04
7.641635357142857174e+03
1.046964999999999964e+04
1.025526785714285506e+04
7.938182142857143845e+03
1.296524285714285725e+04
9.213715000000001965e+03
9.744465714285714057e+03
1.143591785714285834e+04
6.601925714285714093e+03
8.416760357142858993e+03
6.700596071428569303e+03
6.624606428571429205e+03
1.084995714285713802e+04
1.118970357142857392e+04
9.782402857142858920e+03
1.025484642857142899e+04
1.274703571428571195e+04
1.024748928571428769e+04
1.039461785714285907e+04
1.449107857142857392e+04
1.446665357142857101e+04
1.056721071428571486e+04
1.824878571428571377e+04
9.857774642857144499e+03
6.942591071428571922e+03
1.338629642857142971e+04
1.054376428571428369e+04
1.061402142857143008e+04
1.034497500000000218e+04
7.529296785714284852e+03
8.753069642857142753e+03
2.086510000000000218e+04
1.409929285714285834e+04
1.130650357142857320e+04
1.004810249999999905e+04
1.022538964285714428e+04
7.319682500000000800e+03
1.049367678571428405e+04
1.022414285714285688e+04
1.010273178571428798e+04
7.264287142857143408e+03
9.973011428571428041e+03
7.245562857142857865e+03
3.495630714285714930e+04
7.494632857142857574e+03
1.002983642857143059e+04
7.358793571428571340e+03
1.303754285714285470e+04
8.716209285714285215e+03
1.146957499999999891e+04
1.456305714285714384e+04
1.068899642857142680e+04
2.081321785714285579e+04
1.502640714285714603e+04
1.038147500000000218e+04
7.387256071428570067e+03
1.191441071428571195e+04
1.118668571428571340e+04
9.996221071428572031e+03
1.317569642857142935e+04
1.850270714285714348e+04
9.714955714285712020e+03
1.063062857142857138e+04
1.092318571428571522e+04
1.047186785714285907e+04
1.342035357142857174e+04
1.501270357142857029e+04
1.161940357142857283e+04
7.312512499999998909e+03
1.167604999999999927e+04
1.273797500000000036e+04
9.279212142857142680e+03
1.305995714285714530e+04
1.161964999999999782e+04
1.029802857142857101e+04
6.884107857142858848e+03
1.193855357142857065e+04
1.121038928571428733e+04
1.101918214285714203e+04
7.261473571428570722e+03
7.857609999999999673e+03
7.066042142857142608e+03
1.337803571428571558e+04
1.057595714285714530e+04
6.866598928571426768e+03
6.733779285714285834e+03
1.128145714285714166e+04
8.780410357142854991e+03
1.094882500000000255e+04
1.594632142857142389e+04
1.021062857142857138e+04
1.012646785714285579e+04
1.078362142857142862e+04
1.047928214285714603e+04
1.163380000000000109e+04
7.954213571428570503e+03
7.550776428571428369e+03
9.169127142857143554e+03
9.769202142857142462e+03
1.229438571428571413e+04
1.020706285714285332e+04
6.824088928571426550e+03
1.200264642857143008e+04
1.013260499999999956e+04
7.338861428571427496e+03
1.322384285714285579e+04
9.089931071428571158e+03
9.876471428571427168e+03
1.054962857142857138e+04
8.776637857142855864e+03
1.175010357142856992e+04
9.632188571428570867e+03
1.096979642857142971e+04
1.057441428571428696e+04
1.022903928571428696e+04
6.967787500000000364e+03
1.067503571428571558e+04
1.321949285714285725e+04
9.823213214285715367e+03
1.017598357142857094e+04
8.788804285714286380e+03
8.862772499999997308e+03
2.256494999999999345e+04
1.197143928571428114e+04
1.838524285714285725e+04
9.204694642857140934e+03
1.252530357142857065e+04
1.461952857142857283e+04
6.970529999999999745e+03
1.739725000000000364e+04
1.024036428571428405e+04
9.333746428571432261e+03
8.091005357142856155e+03
6.951071428571428442e+03
9.088497857142858265e+03
8.779292499999999563e+03
9.657606071428572250e+03
7.022217499999998836e+03
9.987572142857141444e+03
8.781765714285711510e+03
7.584852500000000873e+03
1.095017857142856883e+04
7.906533928571428078e+03
1.126771428571428442e+04
1.117483928571428623e+04
1.192313928571428369e+04
9.630586785714283906e+03
1.063440357142857283e+04
7.260375714285713912e+03
9.847275357142856592e+03
1.176895357142857210e+04
2.032471428571428623e+04
1.165027857142857283e+04
1.031431071428571340e+04
1.405499642857142862e+04
1.085233214285714166e+04
1.016155571428571420e+04
8.734177857142858556e+03
1.454510000000000036e+04
1.081217857142856883e+04
1.084954999999999927e+04
1.464143214285714566e+04
1.056804285714285834e+04
1.023142857142857065e+04
1.040735714285714312e+04
1.055960357142857174e+04
9.929111785714285361e+03
6.737735714285715403e+03
1.408254999999999927e+04
9.143931428571426295e+03
1.056450714285714093e+04
1.286759642857142717e+04
1.036361428571428587e+04
1.909607857142857392e+04
9.985245714285714712e+03
1.126239642857143008e+04
1.062991428571428696e+04
1.223086428571429315e+04
1.023721785714285761e+04
1.619696785714285579e+04
9.607337857142856592e+03
9.961992142857143335e+03
1.047408928571428623e+04
8.057833571428572213e+03
1.033506785714285797e+04
1.414457500000000255e+04
9.696877142857143554e+03
1.122637142857142862e+04
1.060125357142857320e+04
9.868644285714284706e+03
7.822188571428572686e+03
9.619163214285716094e+03
1.065593928571428478e+04
1.055889642857143008e+04
9.751861071428571449e+03
8.813534285714287762e+03
1.527516785714285470e+04
1.841105714285714203e+04
1.255848214285714130e+04
1.495087142857142862e+04
1.323969999999999709e+04
1.725691428571428696e+04
1.178271071428571486e+04
7.862335714285713038e+03
1.160552857142857283e+04
7.712335714285713948e+03
1.044187499999999818e+04
9.730182142857143845e+03
1.166207857142857392e+04
6.585599999999999454e+03
1.042068571428571522e+04
1.063654642857142790e+04
2.278611785714285725e+04
1.120177499999999964e+04
1.400917857142857429e+04
8.830313571428570867e+03
9.885998214285713402e+03
1.119442857142857065e+04
1.076283214285714166e+04
1.012499357142857298e+04
1.054533928571428805e+04
1.208648571428571631e+04
1.038163214285714093e+04
7.627575000000001637e+03
1.254442499999999927e+04
1.103132142857143117e+04
1.076265000000000327e+04
9.633612500000001091e+03
1.069793571428571522e+04
1.127851785714285688e+04
6.684662142857143408e+03
6.566460357142857902e+03
1.796547499999999854e+04
1.251486785714285725e+04
9.999807499999998981e+03
1.222976071428571413e+04
9.605033214285713257e+03
1.629876071428571595e+04
9.697207499999998618e+03
1.240833928571428623e+04
2.501796785714285579e+04
6.647942499999999200e+03
9.665245714285714712e+03
1.117606428571428478e+04
1.063635714285714312e+04
8.215606428571427386e+03
7.313484642857141807e+03
7.282850714285717004e+03
6.653318928571427932e+03
1.161373571428571813e+04
6.875603571428569921e+03
9.913152500000001965e+03
6.890222857142858629e+03
1.142935000000000036e+04
9.613412499999996726e+03
8.528932499999998981e+03
1.408875357142857138e+04
1.005936928571428689e+04
1.192190357142857101e+04
1.048820357142857029e+04
7.290246428571429533e+03
1.047532857142857029e+04
1.593708571428571486e+04
1.036595714285714530e+04
6.872612142857140498e+03
9.222131071428573705e+03
9.713666785714285652e+03
6.615538214285713366e+03
1.007988607142857109e+04
1.084655357142857429e+04
1.009239035714285819e+04
1.158827499999999782e+04
1.054866785714285470e+04
1.011555928571428558e+04
7.666909642857142899e+03
1.040026071428571413e+04
7.757186071428571267e+03
9.645025357142858411e+03
1.060584285714285579e+04
7.948238214285715003e+03
9.132838214285713548e+03
1.254930714285714203e+04
7.914711428571427859e+03
1.038412857142857320e+04
9.605202142857140643e+03
3.100212500000000728e+04
1.010176714285714297e+04
1.126648571428571086e+04
1.029596785714285761e+04
8.702518571428570795e+03
8.790669285714286161e+03
1.075896071428571486e+04
2.123867857142856883e+04
1.056027142857143008e+04
8.447814285714282960e+03
1.045538214285714275e+04
1.162524285714285725e+04
8.790708214285716167e+03
1.058336785714285543e+04
7.260074999999998909e+03
9.083299642857144136e+03
1.967976785714285870e+04
7.156731785714285252e+03
1.295162499999999818e+04
1.006610642857142739e+04
9.279177499999999782e+03
1.251311428571428405e+04
9.687888214285712820e+03
6.952683214285713802e+03
9.982091071428569194e+03
1.057359999999999673e+04
7.828224285714285543e+03
1.162330357142857611e+04
1.118879642857142971e+04
1.126571071428571486e+04
1.063521428571428623e+04
1.320738214285714275e+04
1.000228928571428696e+04
1.164409642857142899e+04
1.078756428571428296e+04
1.008725142857142600e+04
6.920291785714284742e+03
1.131559285714285579e+04
1.172023928571428587e+04
9.919940714285712602e+03
8.837871071428571668e+03
9.905272857142857902e+03
1.382613928571428733e+04
1.454995714285713984e+04
1.075093214285714203e+04
1.183383214285714530e+04
9.877670357142857029e+03
1.108142142857142790e+04
9.671404285714281286e+03
1.044675714285714457e+04
1.215421071428571304e+04
1.042241785714285470e+04
1.093886428571428587e+04
3.861555357142857247e+04
7.497740714285714603e+03
1.312794285714285797e+04
1.922630714285714566e+04
1.200470714285714530e+04
1.247456785714285797e+04
6.611318571428570976e+03
9.288092142857143699e+03
1.123264285714285688e+04
1.008282857142857029e+04
1.364407142857143299e+04
1.006705392857143124e+04
9.296864642857141007e+03
1.356606785714285797e+04
1.084535000000000036e+04
1.085452857142857101e+04
9.620666071428571740e+03
1.000259535714285812e+04
8.768433928571428623e+03
9.241882857142856665e+03
8.691777500000001965e+03
1.062984285714285579e+04
7.304395000000001346e+03
1.283424999999999818e+04
7.595372500000000400e+03
7.622658571428570212e+03
7.252827499999998508e+03
9.353554642857143335e+03
1.076722142857142717e+04
1.159546071428571304e+04
9.691648928571430588e+03
1.754196071428571668e+04
1.043773928571428587e+04
1.161054642857142971e+04
1.461261071428571631e+04
1.019085357142856992e+04
3.793839285714286234e+04
1.028082142857142935e+04
8.409915357142856010e+03
1.206552142857143008e+04
8.002839285714285325e+03
1.165315714285714421e+04
7.695656785714284524e+03
7.200895714285716167e+03
7.823261071428573814e+03
1.353598214285714494e+04
7.504136071428571995e+03
1.041855714285714021e+04
7.340921071428571850e+03
9.157031071428573341e+03
8.833548214285714494e+03
1.465247500000000400e+04
6.713266428571428150e+03
1.003033571428571668e+04
9.897555357142857247e+03
1.133299642857142680e+04
1.074438928571428187e+04
7.923886071428573814e+03
1.168821071428571850e+04
1.314352142857143008e+04
1.082539642857142826e+04
7.195990714285716422e+03
9.890574642857141953e+03
8.753689999999998690e+03
9.629681785714286889e+03
6.686810357142857356e+03
1.405948571428571086e+04
1.398055357142857611e+04
1.237071071428571122e+04
1.079483214285714530e+04
1.635384285714286125e+04
1.754359999999999854e+04
9.862990357142854918e+03
9.994533571428570212e+03
1.068740357142857283e+04
1.005766035714285681e+04
7.055174642857140498e+03
1.166492142857142608e+04
1.029205357142857065e+04
1.468865000000000327e+04
9.626088928571427459e+03
9.330253928571428332e+03
9.893299285714283542e+03
7.739757857142857574e+03
7.650559999999999491e+03
2.050564642857143190e+04
7.827633214285714530e+03
7.527944642857141844e+03
9.748862500000001091e+03
1.167712857142857501e+04
1.125513928571428733e+04
1.314511785714285725e+04
6.731995357142855937e+03
9.673287500000002183e+03
1.120780714285714566e+04
1.079927142857142826e+04
1.133931785714285797e+04
1.043200357142857138e+04
1.164377142857142644e+04
1.167647142857142899e+04
1.120801071428571413e+04
1.134173928571428769e+04
6.634743571428572068e+03
1.133659642857142899e+04
8.829408928571427168e+03
9.648672499999998763e+03
1.083230000000000109e+04
1.163143571428571340e+04
1.089138928571428369e+04
1.125995714285713984e+04
1.094100357142857138e+04
9.984162857142859139e+03
1.318458928571428805e+04
1.827761071428571449e+04
9.216689642857139916e+03
1.137432142857142935e+04
9.660786071428572541e+03
9.716084642857143990e+03
1.165612857142857320e+04
1.125103571428571195e+04
1.046239642857142644e+04
9.865032142857142389e+03
1.045932857142857210e+04
1.364955357142856883e+04
1.202483214285714530e+04
1.077413571428571595e+04
4.197933214285713620e+04
1.067715357142857283e+04
1.029215357142857101e+04
9.309809285714287398e+03
9.979301071428571959e+03
1.046003928571428514e+04
1.036034999999999673e+04
1.049100357142857138e+04
1.127781428571428478e+04
9.150639285714287325e+03
1.168184285714285579e+04
1.856059642857142899e+04
9.685677857142858556e+03
7.233621785714286489e+03
9.705612142857144136e+03
9.989960000000002765e+03
1.027275714285714275e+04
1.566289642857143008e+04
1.141947142857142717e+04
8.878743571428572977e+03
1.023307821428571515e+04
1.040851071428571413e+04
1.165987142857142862e+04
8.945014285714287325e+03
9.920376428571427823e+03
1.124633214285714530e+04
1.056288571428571413e+04
6.788521428571427350e+03
7.232701071428572504e+03
9.883653928571427969e+03
9.119677857142856737e+03
1.320185714285714130e+04
7.396723571428573450e+03
1.498498214285714494e+04
9.610018928571427750e+03
8.026751428571430552e+03
9.392683214285714712e+03
7.286683214285713802e+03
1.336503928571428514e+04
9.730456428571427750e+03
1.166985714285714494e+04
1.400614285714286052e+04
1.084495357142857210e+04
1.165639285714285688e+04
1.305571428571428442e+04
1.192473571428571086e+04
1.076273214285714130e+04
9.269527499999998327e+03
9.895699642857143772e+03
7.277774285714284815e+03
9.186555000000002110e+03
9.678388214285714639e+03
9.220688571428570867e+03
1.162766071428571377e+04
1.031097857142857174e+04
7.933427142857143735e+03
1.182167857142856883e+04
1.010931178571428427e+04
7.546053571428571558e+03
1.449279642857142608e+04
1.045712142857142862e+04
1.004754214285714261e+04
7.818513571428573414e+03
9.798097857142858629e+03
1.685801071428571231e+04
1.350242857142856883e+04
6.868045357142857938e+03
1.058832857142857210e+04
1.057566785714285470e+04
1.313953571428571195e+04
1.278970000000000073e+04
1.017187142857142680e+04
1.045517142857142790e+04
1.042118214285714384e+04
1.170398214285714312e+04
7.606953571428569376e+03
9.814533214285716895e+03
7.917301071428571049e+03
1.237861071428571267e+04
3.132333571428571668e+04
1.349012857142857138e+04
7.601191428571428332e+03
9.040309642857144354e+03
1.350869642857142935e+04
3.437030000000000291e+04
9.574142857142856883e+03
7.533093571428570613e+03
1.168936071428571631e+04
7.247714285714287143e+03
1.126431785714285616e+04
1.033367142857142790e+04
7.577328214285714239e+03
9.956103214285712966e+03
1.079152142857143008e+04
1.062756785714285797e+04
1.169918928571428660e+04
1.000162749999999869e+04
8.818461428571425131e+03
1.090894642857142571e+04
9.127830357142856883e+03
1.047756071428571340e+04
7.745358928571427896e+03
1.571002142857143008e+04
9.809985714285712675e+03
7.207177499999999782e+03
1.059841785714286198e+04
7.824036428571429497e+03
1.055208571428571486e+04
2.060725714285714275e+04
1.897578571428571740e+04
1.036744642857142935e+04
1.122559642857142717e+04
1.103383214285714166e+04
8.815591428571429788e+03
9.896942142857140425e+03
2.738619285714285797e+04
1.025737499999999818e+04
1.046967142857142971e+04
1.449985000000000036e+04
9.829345357142854482e+03
1.048922499999999673e+04
1.975745000000000073e+04
8.168830357142856883e+03
6.869872500000002219e+03
7.227581071428569885e+03
1.084730714285714203e+04
2.303535357142857174e+04
1.064459642857142899e+04
1.028338571428571595e+04
1.243201785714285506e+04
1.318402499999999964e+04
1.702629642857142971e+04
1.047544999999999891e+04
1.051812857142857320e+04
1.094741785714285834e+04
8.751441428571426513e+03
1.058238214285714275e+04
1.013944464285714275e+04
9.886404285714286743e+03
9.610065357142857465e+03
7.882502142857143554e+03
9.299222142857142899e+03
7.266364999999998872e+03
1.094502142857142826e+04
1.079610714285714130e+04
9.736072857142858993e+03
1.350696785714285579e+04
7.577797142857142717e+03
9.901130000000001019e+03
1.039799642857143226e+04
1.169454642857142608e+04
1.174111785714285725e+04
1.064050000000000182e+04
1.157241785714286016e+04
1.019626785714285688e+04
6.605367142857144245e+03
1.085202142857142644e+04
1.131957142857142935e+04
9.217346428571428987e+03
1.244486785714285907e+04
9.955077857142858193e+03
9.766924285714285361e+03
7.367228571428572650e+03
1.044086071428571267e+04
1.000577178571428340e+04
1.029187857142857138e+04
1.041260357142856992e+04
9.647725357142857320e+03
9.880354285714285652e+03
1.043946071428571304e+04
7.837276428571430188e+03
9.654904999999998836e+03
1.204878928571428332e+04
9.626771071428573123e+03
1.124110000000000036e+04
9.641674999999997453e+03
1.073063214285714275e+04
1.173222857142856810e+04
1.000312035714285776e+04
9.968680357142859066e+03
1.057892142857142790e+04
6.824701071428572504e+03
1.142835714285714130e+04
1.000407642857143037e+04
1.024820000000000073e+04
9.647130000000002838e+03
1.165157500000000255e+04
1.087103928571428696e+04
7.598742142857141516e+03
7.461558214285715621e+03
9.614968214285716385e+03
1.165851785714285688e+04
1.182156785714285616e+04
1.070939285714285688e+04
1.366053214285714603e+04
9.622168928571429205e+03
1.081573214285714494e+04
1.119735357142857174e+04
1.051567642857142891e+04
1.013835357142857174e+04
1.072128928571428878e+04
7.341613571428571049e+03
1.076150000000000000e+04
9.743575357142855864e+03
1.044520714285714166e+04
1.110357857142857392e+04
9.913595357142856301e+03
7.360898214285715767e+03
1.173876428571428369e+04
8.761277857142858920e+03
1.042107499999999891e+04
9.168659642857141080e+03
1.013458178571428653e+04
2.846541785714285652e+04
1.163093928571428478e+04
1.307693214285714021e+04
1.103691785714285834e+04
1.082303214285714421e+04
7.307436071428573996e+03
7.924688571428571777e+03
1.171773571428571267e+04
1.200651071428571777e+04
2.322774642857142680e+04
9.288621785714285579e+03
1.320403214285713875e+04
1.019307142857142935e+04
7.252925357142858047e+03
1.042278571428571195e+04
7.518641428571427241e+03
7.833066071428571377e+03
1.164137499999999818e+04
6.902021071428571304e+03
8.802333928571428260e+03
9.158237142857144136e+03
1.095381428571428296e+04
8.824834642857143990e+03
7.402772499999999127e+03
1.045883214285714166e+04
1.170017142857142971e+04
1.027428214285714421e+04
7.399031785714286343e+03
8.691526428571429278e+03
1.118845714285714530e+04
1.026872142857142899e+04
6.615623214285713402e+03
1.004200178571428478e+04
1.234387500000000000e+04
1.160256428571429024e+04
9.714740357142856737e+03
9.817643928571427750e+03
1.795629642857142971e+04
7.518184285714285579e+03
8.798291071428571740e+03
8.811778928571427969e+03
1.321085357142856992e+04
1.339558571428571486e+04
7.962538214285714275e+03
6.979780714285714566e+03
7.304414285714285143e+03
7.947120000000001710e+03
1.151693214285714566e+04
7.028360357142858447e+03
9.651783928571427168e+03
1.131293928571428478e+04
1.278083928571428078e+04
9.988968214285710928e+03
8.381460357142856083e+03
7.208536071428569812e+03
1.047935714285714312e+04
6.910433571428571668e+03
9.634164285714283324e+03
8.827153214285712238e+03
8.079076785714285506e+03
7.337530357142856701e+03
1.547922857142856992e+04
7.531559642857141625e+03
6.984516428571429969e+03
9.229779999999998836e+03
1.161072500000000218e+04
1.166263214285714093e+04
9.268971071428570212e+03
1.136802857142857101e+04
1.449913571428571595e+04
8.897715714285715876e+03
9.660106071428572250e+03
1.587887500000000182e+04
9.877826071428575233e+03
1.130827857142857101e+04
7.307085714285714857e+03
1.034771428571428805e+04
1.171488928571428369e+04
1.126620357142857392e+04
9.233073214285712311e+03
1.078343928571428660e+04
9.688483571428569121e+03
1.260245714285714166e+04
9.976332142857145300e+03
8.025371785714285579e+03
9.585320357142858484e+03
1.253292500000000291e+04
7.640566785714284379e+03
9.969311428571429133e+03
1.131895000000000073e+04
1.080028214285714421e+04
1.078773214285714312e+04
8.754275714285715367e+03
6.638023214285714857e+03
7.943528214285713148e+03
1.058148928571428405e+04
9.980670357142855210e+03
1.129879999999999927e+04
1.167455357142857065e+04
1.397735000000000036e+04
9.646541071428571740e+03
8.868045714285713984e+03
1.078062142857142680e+04
1.067358571428571304e+04
8.833811428571429133e+03
9.907192857142857974e+03
7.022481785714285252e+03
1.011158892857143110e+04
1.017948571428571267e+04
9.106789285714285143e+03
1.085135357142856992e+04
6.889851785714284233e+03
1.017608428571428703e+04
1.346625357142857138e+04
1.025983571428571304e+04
7.614116785714287289e+03
7.937002499999999600e+03
1.266639999999999964e+04
1.043716785714285834e+04
8.136414642857142098e+03
1.252980000000000109e+04
1.026182142857142571e+04
1.306123214285713948e+04
7.827317499999999200e+03
1.159094642857142935e+04
7.921049642857144136e+03
1.051490357142857283e+04
2.163646428571428623e+04
8.799903214285715876e+03
7.873001428571427823e+03
6.932422142857141807e+03
1.142238214285714275e+04
1.045495000000000073e+04
1.348608214285713802e+04
7.401404999999999745e+03
9.620048571428571449e+03
1.692088214285714275e+04
1.035803571428571377e+04
1.065611071428571267e+04
1.252898928571428587e+04
1.720400714285714275e+04
1.167272857142857174e+04
8.485338214285713548e+03
9.232578928571430879e+03
9.659768214285713839e+03
7.981634642857142353e+03
1.051440714285714421e+04
6.834028214285715876e+03
9.694278928571427969e+03
7.208785714285714675e+03
9.808204642857144790e+03
2.869068571428571522e+04
9.631492142857143335e+03
1.078018214285714384e+04
1.150283571428571122e+04
1.078730714285714384e+04
1.061451785714285506e+04
7.976077499999997599e+03
1.066819285714285797e+04
2.331248214285714130e+04
9.978470000000001164e+03
9.769731785714286161e+03
1.042527142857142826e+04
7.917624285714286998e+03
9.385074999999998909e+03
1.063805714285714384e+04
8.913832857142857392e+03
1.159326428571428187e+04
1.128793214285714384e+04
1.161191785714285834e+04
1.162029642857142608e+04
9.157316428571428332e+03
1.136199285714285907e+04
6.921327857142859102e+03
1.687958571428572031e+04
8.818212142857142680e+03
1.122906071428571340e+04
9.146467857142859430e+03
2.173661071428572177e+04
1.002657107142857058e+04
1.450642857142857065e+04
7.720673928571428405e+03
7.788894999999999527e+03
2.324849285714286452e+04
1.450373214285714312e+04
1.160046071428571122e+04
1.000329821428571267e+04
1.063437499999999818e+04
1.004306499999999869e+04
9.886712142857144499e+03
1.001870892857143008e+04
9.573627500000000509e+03
1.062136071428571631e+04
1.302071785714285579e+04
7.899805000000000291e+03
9.867480357142858338e+03
6.599879285714286198e+03
1.030107500000000073e+04
8.118213571428571413e+03
1.024135321428571660e+04
1.043644642857142935e+04
8.891388928571428551e+03
9.846498928571430952e+03
9.112441071428571377e+03
1.061789642857142826e+04
9.576286071428572541e+03
1.078881071428571340e+04
1.095547142857142899e+04
7.841623214285714312e+03
1.123861071428571086e+04
1.161734285714285761e+04
1.076844642857142935e+04
3.662055357142857974e+04
9.750368571428571158e+03
9.893181071428571158e+03
9.231426071428570140e+03
8.492153214285714057e+03
1.003141142857142586e+04
7.387462857142857501e+03
1.230427857142857465e+04
1.018924642857142862e+04
6.780629999999999200e+03
1.410880357142857065e+04
1.446002499999999782e+04
1.089409285714285579e+04
7.365070357142855755e+03
7.283267142857142971e+03
7.854093214285714566e+03
7.870503571428570467e+03
1.346058928571428442e+04
1.101772857142857174e+04
7.671019285714285616e+03
9.662420357142857029e+03
8.907062142857143044e+03
8.651335357142856083e+03
1.479246785714285579e+04
9.157998214285715221e+03
7.526207499999998618e+03
1.062135714285714312e+04
1.452322857142856810e+04
1.043988214285714093e+04
9.594527142857141371e+03
9.100057142857143845e+03
1.310916785714285834e+04
9.710789642857142098e+03
1.328393214285714203e+04
6.672104642857144427e+03
1.082894642857142935e+04
1.054957500000000255e+04
1.004629428571428616e+04
1.125110000000000218e+04
8.433668214285713475e+03
1.053668571428571340e+04
1.024253928571428696e+04
1.728386428571428405e+04
1.252719285714285979e+04
1.128326428571428733e+04
1.051719999999999891e+04
9.191225357142855501e+03
9.684131071428573705e+03
6.640879642857142244e+03
1.301869285714285616e+04
1.167580714285714384e+04
7.718941428571430151e+03
7.576131785714285797e+03
9.205193928571430661e+03
9.183753571428573196e+03
8.801738571428571959e+03
1.211372500000000036e+04
1.740849642857142317e+04
9.618222499999999854e+03
1.062084642857142717e+04
1.362831785714286161e+04
1.159316428571428696e+04
7.263305357142856337e+03
9.611142142857144790e+03
1.165876428571428733e+04
1.065996785714285579e+04
7.885636785714285907e+03
1.001921964285714603e+04
9.624289642857142098e+03
2.961141428571429424e+04
7.913074285714285907e+03
1.036542714285714646e+04
1.069570000000000073e+04
9.608800357142856228e+03
7.260819999999999709e+03
9.637286428571429497e+03
1.022423928571428587e+04
1.024536785714285907e+04
1.069660000000000036e+04
9.140667142857142608e+03
1.020470714285714166e+04
9.250598214285715585e+03
1.406082142857142571e+04
7.731825714285715549e+03
1.082869999999999891e+04
1.041149285714285725e+04
1.160711071428571631e+04
9.987702857142858193e+03
1.325574285714285907e+04
1.170610714285714675e+04
8.145609285714286671e+03
8.122217857142858520e+03
1.045269999999999891e+04
1.049833214285714166e+04
9.690220714285713257e+03
1.198072857142856992e+04
1.062198214285714494e+04
8.800893928571427750e+03
1.080359642857143081e+04
8.396121785714287398e+03
1.159412857142856774e+04
9.741663928571430006e+03
1.294071071428571304e+04
9.233630357142859793e+03
1.083845357142857029e+04
1.404564999999999600e+04
1.033780357142857065e+04
7.265464642857142280e+03
1.928951785714285870e+04
9.887039642857142098e+03
1.030753571428571377e+04
1.064183571428571486e+04
1.055017142857142608e+04
7.620214285714285325e+03
7.676810714285714312e+03
6.933268214285716567e+03
1.048791071428571558e+04
7.263260357142855355e+03
1.183255000000000109e+04
8.745277142857145009e+03
1.080026428571428733e+04
6.578662857142857320e+03
1.052167500000000109e+04
1.329358214285713802e+04
1.349629285714286198e+04
1.059633571428571486e+04
1.207120714285714166e+04
9.590872142857142535e+03
1.037950714285714275e+04
1.087678214285714239e+04
8.117571428571428442e+03
1.052627857142857101e+04
1.078721071428571486e+04
7.022495714285714712e+03
8.747922499999998763e+03
8.349744642857142026e+03
8.538686785714286088e+03
9.659289642857142098e+03
7.531974285714286452e+03
9.761408214285713257e+03
8.520446428571429351e+03
1.004576392857142673e+04
1.017552607142857050e+04
1.082040357142857101e+04
6.650283928571428987e+03
1.043196071428571486e+04
1.067017857142857611e+04
9.882412857142857320e+03
1.174066428571428514e+04
1.244697857142857174e+04
1.162868214285714203e+04
8.883697500000000218e+03
1.084013571428571413e+04
8.846908928571428987e+03
6.903155714285715476e+03
2.878718214285714930e+04
1.066610357142857174e+04
1.163361785714286088e+04
1.160898928571428223e+04
1.040937857142857320e+04
9.088079642857142971e+03
1.058566428571428150e+04
7.823797142857142717e+03
1.095707142857143117e+04
1.126207857142857392e+04
8.771175714285713184e+03
9.588022499999997308e+03
7.673936785714286088e+03
9.611813571428569048e+03
9.874487142857144136e+03
1.055438214285714275e+04
1.002520178571428733e+04
1.067440714285714603e+04
1.178206071428571522e+04
1.132512857142857138e+04
1.399083571428571850e+04
1.127807142857142571e+04
7.281752500000000509e+03
1.005847000000000116e+04
1.118414642857142826e+04
1.034169642857142571e+04
1.449826785714285688e+04
1.157814999999999782e+04
9.706444285714283978e+03
8.173238214285712274e+03
1.008195642857142957e+04
1.159343571428571340e+04
1.035623928571428769e+04
8.091986785714283542e+03
9.692283571428572031e+03
9.834140714285715148e+03
1.046944642857142935e+04
1.121442857142857611e+04
1.035542500000000109e+04
9.580157499999999345e+03
9.700518571428572614e+03
1.135198571428571813e+04
1.314464285714285870e+04
1.171283214285714530e+04
9.616897142857143990e+03
1.583732857142857392e+04
7.137621785714285579e+03
1.162611071428571267e+04
7.223750357142857865e+03
6.716220714285714166e+03
9.833401071428572322e+03
6.835279999999999745e+03
1.063278571428571377e+04
9.578096428571430806e+03
1.683980714285714566e+04
1.117711785714285907e+04
6.697952500000000327e+03
7.028714285714287143e+03
1.874506071428571522e+04
1.168410714285714312e+04
1.026035714285714312e+04
9.980368571428571158e+03
9.734433214285716531e+03
8.781767142857142971e+03
7.197618928571429933e+03
1.173984285714286125e+04
1.023806785714285979e+04
9.255417857142858338e+03
8.276780714285714566e+03
9.590950357142854045e+03
6.713912142857142499e+03
1.057628571428571377e+04
1.093047857142856992e+04
1.019481428571428660e+04
7.329337857142855682e+03
2.027882500000000437e+04
9.699654285714286743e+03
8.322647857142856083e+03
1.161306071428571340e+04
1.000911678571428820e+04
7.520614999999997963e+03
1.050522857142856992e+04
1.366381785714285616e+04
7.849487500000000182e+03
1.331597857142857174e+04
1.000027678571428623e+04
1.402646785714285761e+04
1.019426392857142855e+04
6.602747499999999491e+03
1.134784642857142535e+04
8.770652500000001965e+03
1.557356428571428478e+04
9.986170357142860666e+03
8.395993571428571158e+03
7.564168214285714384e+03
7.648372857142857356e+03
1.247390714285714421e+04
8.936537500000000364e+03
1.121444285714285616e+04
1.129512500000000364e+04
7.654031785714286343e+03
1.083347857142856992e+04
9.898479642857142608e+03
7.459024285714285725e+03
8.022623571428571267e+03
1.070987142857142680e+04
1.001995071428571282e+04
1.004967071428571398e+04
7.522408928571429897e+03
1.087426785714285688e+04
9.995302857142858556e+03
1.014782499999999891e+04
9.236039285714285143e+03
9.811640714285711510e+03
1.174612500000000000e+04
1.421995714285713984e+04
1.086446428571428623e+04
7.264224285714286452e+03
1.066377499999999964e+04
1.277687500000000182e+04
1.585307500000000255e+04
1.049216071428571377e+04
6.590012142857143772e+03
1.063063214285714275e+04
1.322620714285713984e+04
1.452626785714285506e+04
1.181692500000000109e+04
1.007121071428571486e+04
7.702187142857143954e+03
1.083554642857142971e+04
8.843530000000002474e+03
7.640779999999999745e+03
1.061729285714285470e+04
9.958182499999997162e+03
7.499150357142856592e+03
9.606049642857140498e+03
8.901996428571428623e+03
1.007176321428571282e+04
7.910767500000000837e+03
9.873564285714286598e+03
1.127253571428571377e+04
1.117202500000000327e+04
9.834677857142856737e+03
1.329895000000000255e+04
7.699782857142856301e+03
1.017376428571428733e+04
8.930216785714284924e+03
1.136282857142857029e+04
2.636195357142856665e+04
1.047123928571428587e+04
1.585989999999999964e+04
1.985266428571429060e+04
1.159297857142857174e+04
1.025627857142857101e+04
1.135873928571428405e+04
1.597189285714285688e+04
1.030877857142857283e+04
9.813037500000000364e+03
8.848597857142858629e+03
1.078820357142857210e+04
9.812064285714284779e+03
1.095307142857142935e+04
1.137742142857142608e+04
1.038052499999999782e+04
1.407367500000000109e+04
1.045942857142857065e+04
1.001313357142857058e+04
9.301274285714285725e+03
1.002159464285714421e+04
9.680758928571432989e+03
9.868681428571426295e+03
1.127657857142857210e+04
1.021656785714285616e+04
1.120512142857142680e+04
1.047928571428571195e+04
1.282996428571428623e+04
9.637192142857142244e+03
9.140502142857145373e+03
1.415730714285714203e+04
8.938154642857143699e+03
1.094789999999999782e+04
1.086742857142857429e+04
1.304410357142856810e+04
1.037977857142856919e+04
1.495104642857142971e+04
7.541514999999999418e+03
9.622930357142857247e+03
7.237463571428573232e+03
1.065927499999999964e+04
9.722741785714282742e+03
8.880063928571426004e+03
1.024766428571428696e+04
7.614553214285713693e+03
9.262189999999998690e+03
1.050813214285714093e+04
1.119479642857142790e+04
1.045035000000000218e+04
8.780557499999998981e+03
6.875321785714287216e+03
1.168282499999999891e+04
1.215651785714285688e+04
1.922801428571428551e+04
7.431131071428570976e+03
9.697493214285714203e+03
1.031041785714285834e+04
1.041975357142857320e+04
8.846501428571429642e+03
1.125734285714285761e+04
6.635813928571426914e+03
6.919126428571426914e+03
1.765600714285714275e+04
9.175099642857141589e+03
5.219173928571429133e+04
1.165667142857142971e+04
1.057113928571428733e+04
1.556066428571428514e+04
8.760027500000000146e+03
1.087754285714285834e+04
8.113378571428571377e+03
1.315759642857142717e+04
1.173569285714285434e+04
1.099232857142857029e+04
1.135705714285714384e+04
1.120385714285714312e+04
9.735639642857144281e+03
9.076506428571430661e+03
7.627106785714284342e+03
7.320774999999999636e+03
9.598019642857141662e+03
8.738502142857139916e+03
1.058673928571428769e+04
1.129988571428571413e+04
9.619914999999997235e+03
1.368272500000000036e+04
9.668301071428573778e+03
9.256266428571427241e+03
9.233527142857143190e+03
9.607201785714287325e+03
9.612324999999998909e+03
6.707409642857142899e+03
8.849413571428571231e+03
9.321800714285715003e+03
1.163368928571428478e+04
8.878756428571428842e+03
9.829940357142857465e+03
1.120528928571428332e+04
1.464430357142857065e+04
1.045924642857142680e+04
1.054738928571428369e+04
1.321451428571428733e+04
1.343427142857142644e+04
1.078634285714285579e+04
8.812811428571429133e+03
1.069447857142857174e+04
1.129910000000000036e+04
1.200460714285714312e+04
9.982607857142857029e+03
1.319507142857142571e+04
1.246553214285714421e+04
8.750880357142856155e+03
4.545783214285715076e+03
1.097536428571428223e+04
1.125662857142857320e+04
1.055958928571428442e+04
1.122641785714285834e+04
1.170853571428571558e+04
1.004592785714285856e+04
1.124382500000000073e+04
1.056337142857142680e+04
1.078688571428571595e+04
9.600470714285713257e+03
7.236550357142856228e+03
7.822937857142855137e+03
1.075712142857142680e+04
1.092952142857143008e+04
1.064022857142857174e+04
1.073037142857142862e+04
1.004711499999999978e+04
1.034399285714285543e+04
1.042354999999999927e+04
8.923649642857142680e+03
8.079199285714287726e+03
1.061172142857143081e+04
6.751392857142855064e+03
1.075279642857142790e+04
7.874146785714284306e+03
7.988225357142857320e+03
9.132968571428571522e+03
1.067176785714285688e+04
8.796412500000002183e+03
1.047100000000000182e+04
1.447453214285714421e+04
9.181253571428571377e+03
1.058353928571428514e+04
5.809144642857143481e+04
9.596149642857142680e+03
1.024773142857142739e+04
1.032039999999999964e+04
9.970210357142859721e+03
1.317408928571428987e+04
1.233637857142857320e+04
1.036475714285714093e+04
1.330713214285714457e+04
1.091932142857142935e+04
1.040234285714285761e+04
9.848327142857142462e+03
1.049869999999999891e+04
1.126471428571428442e+04
1.021105357142857429e+04
1.063230714285714203e+04
7.603957500000001346e+03
2.011615357142857465e+04
8.155868571428570249e+03
2.115597857142857174e+04
1.121903571428571558e+04
1.157085000000000036e+04
1.167452857142857101e+04
7.508271428571430079e+03
7.346123571428570358e+03
9.680236071428571449e+03
1.403184642857142899e+04
1.215621785714285579e+04
9.144373214285715221e+03
9.600464285714284415e+03
1.009429750000000058e+04
1.014893142857142630e+04
1.054731071428571340e+04
8.971338214285713548e+03
1.321849642857142862e+04
7.765744285714285979e+03
1.048219285714285979e+04
9.864553928571429424e+03
7.382656785714287253e+03
9.954515000000003056e+03
1.167146071428571304e+04
1.170250357142857320e+04
6.915614285714285870e+03
1.026439999999999964e+04
1.147270357142857210e+04
1.088348214285714494e+04
7.714516071428572104e+03
7.526447142857141444e+03
9.898455714285712020e+03
8.059267142857145700e+03
6.823233928571428805e+03
1.361666071428571558e+04
9.704628928571426513e+03
1.200878214285714239e+04
9.846766071428572104e+03
1.124863928571428369e+04
9.965593928571428478e+03
1.074572857142856810e+04
1.455556071428570976e+04
7.641917857142858338e+03
1.049132857142857210e+04
8.961708571428573123e+03
7.198210714285714857e+03
1.097674285714285725e+04
6.793590357142858011e+03
1.002837607142857269e+04
7.220901785714285325e+03
1.138454642857142608e+04
1.329252142857142826e+04
1.044660357142857356e+04
1.252490714285714603e+04
1.466416785714285834e+04
1.414336428571428587e+04
9.229037857142857320e+03
9.597754642857145882e+03
1.043486785714285725e+04
7.915478571428572650e+03
7.257724642857140680e+03
9.552986785714287180e+03
9.336511071428571086e+03
6.831700357142856774e+03
1.163021785714285579e+04
1.204420357142857029e+04
7.337192142857143153e+03
9.597340714285715876e+03
8.223383928571431170e+03
1.084780714285714384e+04
8.805536785714284633e+03
7.817782500000000255e+03
7.909315000000000509e+03
1.159296428571428078e+04
1.158295714285714712e+04
6.900552499999999782e+03
1.132684642857142899e+04
7.019149285714282996e+03
1.159092857142857429e+04
9.179054642857143335e+03
6.567896428571427350e+03
4.079080714285713475e+04
1.050302499999999782e+04
1.259063214285714275e+04
1.088381428571428478e+04
1.042549999999999818e+04
1.156232142857142935e+04
1.124006785714285797e+04
1.064236071428571267e+04
7.304731785714285252e+03
1.065768571428571704e+04
9.907316428571430151e+03
1.047091785714286016e+04
1.834880357142857247e+04
1.085962857142857320e+04
1.003749892857142913e+04
1.365143214285714021e+04
7.941311785714284269e+03
1.064334642857143081e+04
1.256039285714285870e+04
9.893648928571430588e+03
9.645619642857142026e+03
1.082512500000000000e+04
9.973781785714285434e+03
6.694724642857143408e+03
6.929080357142855974e+03
1.054456428571428660e+04
1.212627857142857101e+04
1.131233571428571304e+04
9.161818214285714930e+03
1.498851785714285870e+04
1.018495357142857210e+04
1.070233214285714166e+04
1.125440357142857101e+04
7.577312500000000909e+03
1.078471785714285397e+04
1.350530357142857065e+04
1.019235357142857356e+04
1.308299642857142862e+04
1.020097678571428514e+04
8.172819642857140934e+03
1.122721428571428805e+04
1.159472500000000036e+04
1.277847500000000036e+04
1.123763571428571595e+04
7.479233571428572759e+03
1.300617500000000109e+04
8.862484285714286671e+03
9.686242499999996653e+03
7.498959642857144900e+03
1.020398928571428587e+04
1.063053214285714421e+04
7.463990714285712784e+03
1.704136071428571813e+04
2.170762857142856592e+04
1.035181428571428478e+04
1.451520000000000073e+04
1.167353214285714421e+04
9.084885357142857174e+03
1.029343928571428478e+04
9.814731071428572250e+03
1.234379642857142790e+04
6.741750714285714821e+03
1.028451428571428733e+04
9.844833571428567666e+03
1.081048928571428587e+04
1.417143571428571340e+04
1.005118142857142448e+04
1.302308928571428623e+04
7.395054999999998472e+03
9.718527857142853463e+03
1.062279642857143153e+04
1.081364285714285870e+04
1.980198571428571813e+04
7.491547142857142717e+03
9.232934999999997672e+03
1.039986071428571267e+04
9.158232142857141298e+03
1.041796785714285579e+04
1.420497500000000036e+04
1.061301785714285870e+04
1.166328214285714239e+04
9.405447500000000218e+03
9.634402142857141371e+03
7.614973214285716494e+03
7.530777857142857101e+03
6.828976428571430915e+03
1.074274642857142862e+04
6.888656428571429387e+03
1.490983571428571486e+04
1.692376785714285870e+04
9.903421428571427896e+03
1.009538535714285354e+04
2.006248928571428769e+04
7.279720714285714166e+03
1.023756071428571522e+04
1.366147857142857720e+04
1.230202500000000327e+04
1.033592857142857065e+04
9.728432142857143845e+03
1.161378571428571558e+04
1.085135357142856992e+04
1.024777678571428623e+04
1.563719642857143117e+04
9.671256428571427023e+03
1.091947142857142899e+04
1.186484642857142717e+04
1.262076428571428369e+04
9.601193928571428842e+03
7.210392500000001746e+03
1.027504999999999927e+04
1.009246785714285761e+04
7.571193928571429751e+03
1.061118928571429024e+04
7.773252500000001419e+03
1.087873571428571267e+04
1.279630357142857065e+04
7.818290714285714785e+03
1.089584285714286307e+04
9.865916071428569921e+03
8.814783214285713257e+03
1.346481428571428478e+04
8.825101071428571231e+03
1.131625357142857138e+04
9.074508571428572395e+03
1.375206428571428478e+04
7.454380357142857065e+03
1.350174285714285543e+04
1.739466071428571740e+04
8.831901428571429278e+03
7.955101785714286052e+03
1.454073571428571631e+04
7.707102142857141189e+03
7.299777142857142280e+03
7.341040714285713875e+03
1.234211785714285725e+04
7.815861785714284451e+03
9.246806428571428114e+03
6.595388214285712820e+03
9.969368214285714203e+03
1.976712142857143044e+04
7.905217857142856701e+03
6.726610357142856628e+03
1.200040714285714421e+04
1.071346428571428623e+04
1.021560000000000218e+04
1.076902857142857283e+04
1.125026428571428369e+04
1.089986785714285725e+04
1.029817499999999927e+04
7.788993571428572068e+03
1.753791071428571377e+04
1.057418571428571704e+04
1.120078571428571377e+04
6.844210357142858811e+03
9.102580714285712020e+03
1.025997499999999491e+04
1.041991428571428332e+04
8.963217142857143699e+03
9.150060357142858265e+03
7.792342500000000655e+03
8.816261428571428041e+03
1.325690000000000327e+04
1.030645714285714530e+04
1.281972142857142717e+04
9.944254999999999200e+03
1.029871428571428442e+04
1.156803571428571195e+04
1.552610000000000218e+04
9.832778214285715876e+03
1.127261785714285543e+04
9.660893214285712020e+03
