0 0 0 1 0 0 0 0 97.7136
0 0 0 1 0 0 0 1.5873 94.4167
0 0 0 1 0 0 0 3.1746 91.6049
0 0 0 1 0 0 0 4.7619 92.3783
0 0 0 1 0 0 0 6.34921 87.4467
0 0 0 1 0 0 0 7.93651 83.6267
0 0 0 1 0 0 0 9.52381 67.687
0 0 0 1 0 0 0 11.1111 40.3992
0 0 0 1 0 0 14.2857 0 84.7755
0 0 0 1 0 0 14.2857 1.5873 85.6541
0 0 0 1 0 0 14.2857 3.1746 86.4056
0 0 0 1 0 0 14.2857 4.7619 86.9348
0 0 0 1 0 0 14.2857 6.34921 86.8643
0 0 0 1 0 0 14.2857 7.93651 85.3167
0 0 0 1 0 0 14.2857 9.52381 82.386
0 0 0 1 0 0 14.2857 11.1111 79.0404
0 0 0 1 0 0 14.2857 12.6984 74.9202
0 0 0 1 0 0 14.2857 14.2857 68.1943
0 0 0 1 0 0 14.2857 15.873 58.9639
0 0 0 1 0 0 14.2857 17.4603 53.0284
0 0 0 1 0 0 14.2857 19.0476 48.5926
0 0 0 1 0 0 14.2857 20.6349 43.9787
0 0 0 1 0 0 14.2857 22.2222 30.5583
0 0 0 1 0 0 14.2857 23.8095 22.8397
0 0 0 1 0 0 42.8571 0 57.0855
0 0 0 1 0 0 42.8571 1.5873 57.9229
0 0 0 1 0 0 42.8571 3.1746 58.7816
0 0 0 1 0 0 42.8571 4.7619 59.6524
0 0 0 1 0 0 42.8571 6.34921 60.5466
0 0 0 1 0 0 42.8571 7.93651 61.235
0 0 0 1 0 0 42.8571 9.52381 61.9441
0 0 0 1 0 0 42.8571 11.1111 61.2829
0 0 0 1 0 0 42.8571 12.6984 60.8943
0 0 0 1 0 0 42.8571 14.2857 60.1787
0 0 0 1 0 0 42.8571 15.873 58.8596
0 0 0 1 0 0 42.8571 17.4603 57.8193
0 0 0 1 0 0 42.8571 19.0476 56.6532
0 0 0 1 0 0 42.8571 20.6349 56.2614
0 0 0 1 0 0 42.8571 22.2222 54.8285
0 0 0 1 0 0 42.8571 23.8095 52.0385
0 0 0 1 0 0 42.8571 25.3968 49.8647
0 0 0 1 0 0 42.8571 26.9841 47.4983
0 0 0 1 0 0 42.8571 28.5714 45.7168
0 0 0 1 0 0 42.8571 30.1587 43.7477
0 0 0 1 0 0 42.8571 31.746 42.4179
0 0 0 1 0 0 42.8571 33.3333 38.0621
0 0 0 1 0 0 42.8571 34.9206 33.2827
0 0 0 1 0 0 42.8571 36.5079 28.0298
0 0 0 1 0 0 42.8571 38.0952 22.0856
0 0 0 1 0 0 42.8571 39.6825 20.5896
0 0 0 1 0 0 42.8571 41.2698 19.1707
0 0 0 1 0 0 42.8571 42.8571 18.7042
0 0 0 1 0 0 42.8571 44.4444 15.4083
0 0 0 1 0 0 42.8571 46.0317 14.5001
0 0 0 1 0 0 42.8571 47.619 10.955
0 0 0 1 0 0 42.8571 49.2063 8.8866
0 0 0 1 0 0 100 0 25.8396
0 0 0 1 0 0 100 1.5873 25.6342
0 0 0 1 0 0 100 3.1746 25.2786
0 0 0 1 0 0 100 4.7619 24.7795
0 0 0 1 0 0 100 6.34921 24.2668
0 0 0 1 0 0 100 7.93651 23.7747
0 0 0 1 0 0 100 9.52381 23.3276
0 0 0 1 0 0 100 11.1111 23.0141
0 0 0 1 0 0 100 12.6984 22.6677
0 0 0 1 0 0 100 14.2857 22.3946
0 0 0 1 0 0 100 15.873 21.9087
0 0 0 1 0 0 100 17.4603 20.8837
0 0 0 1 0 0 100 19.0476 19.98
0 0 0 1 0 0 100 20.6349 18.6246
0 0 0 1 0 0 100 22.2222 17.1756
0 0 0 1 0 0 100 23.8095 16.202
0 0 0 1 0 0 100 25.3968 15.8728
0 0 0 1 0 0 100 26.9841 14.7633
0 0 0 1 0 0 100 28.5714 14.4466
0 0 0 1 0 0 100 30.1587 14.6316
0 0 0 1 0 0 100 31.746 15.1867
0 0 0 1 0 0 100 33.3333 15.5131
0 0 0 1 0 0 100 34.9206 15.8274
0 0 0 1 0 0 100 36.5079 16.1742
0 0 0 1 0 0 100 38.0952 16.5386
0 0 0 1 0 0 100 39.6825 17.0751
0 0 0 1 0 0 100 41.2698 17.7512
0 0 0 1 0 0 100 42.8571 18.5163
0 0 0 1 0 0 100 44.4444 19.4487
0 0 0 1 0 0 100 46.0317 20.4935
0 0 0 1 0 0 100 47.619 21.4475
0 0 0 1 0 0 100 49.2063 22.1826
0 0 0 1 0 0 100 50.7937 22.9597
0 0 0 1 0 0 100 52.381 23.7653
0 0 0 1 0 0 100 53.9683 25.1206
0 0 0 1 0 0 100 55.5556 25.7427
0 0 0 1 0 0 100 57.1429 25.2993
0 0 0 1 0 0 100 58.7302 26.1498
0 0 0 1 0 0 100 60.3175 27.2004
0 0 0 1 0 0 100 61.9048 27.3975
0 0 0 1 0 0 100 63.4921 27.6244
0 0 0 1 0 0 100 65.0794 27.9601
0 0 0 1 0 0 100 66.6667 28.7542
0 0 0 1 0 0 100 68.254 30.3059
0 0 0 1 0 0 100 69.8413 31.1358
0 0 0 1 0 0 100 71.4286 31.6275
0 0 0 1 0 0 100 73.0159 32.0016
0 0 0 1 0 0 100 74.6032 30.918
0 0 0 1 0 0 100 76.1905 29.9021
0 0 0 1 0 0 100 77.7778 29.45
0 0 0 1 0 0 100 79.3651 29.5259
0 0 0 1 0 0 100 80.9524 29.3931
0 0 0 1 0 0 100 82.5397 28.7154
0 0 0 1 0 0 100 84.127 27.5703
0 0 0 1 0 0 100 85.7143 25.8557
0 0 0 1 0 0 100 87.3016 23.1795
0 0 0 1 0 0 100 88.8889 20.4539
0 0 0 1 0 0 100 90.4762 18.7128
0 0 0 1 0 0 100 92.0635 16.2011
0 0 0 1 0 0 100 93.6508 14.5074
0 0 0 1 0 0 100 95.2381 10.3728
0 0 0 1 0 0 100 96.8254 9.21629
0 0 0 1 0 0 100 98.4127 7.89105
0 0 0 1 0 0 100 100 8.55171
1 1 1 1 1 1 0 0 97.3144
1 1 1 1 1 1 0 1.5873 98.0783
1 1 1 1 1 1 0 3.1746 98.1723
1 1 1 1 1 1 0 4.7619 98.8327
1 1 1 1 1 1 0 6.34921 98.8595
1 1 1 1 1 1 0 7.93651 98.9403
1 1 1 1 1 1 0 9.52381 98.8459
1 1 1 1 1 1 0 11.1111 98.4643
1 1 1 1 1 1 14.2857 0 80.1817
1 1 1 1 1 1 14.2857 1.5873 81.0253
1 1 1 1 1 1 14.2857 3.1746 81.6695
1 1 1 1 1 1 14.2857 4.7619 82.3551
1 1 1 1 1 1 14.2857 6.34921 82.9841
1 1 1 1 1 1 14.2857 7.93651 83.5385
1 1 1 1 1 1 14.2857 9.52381 84.012
1 1 1 1 1 1 14.2857 11.1111 84.3069
1 1 1 1 1 1 14.2857 12.6984 84.3461
1 1 1 1 1 1 14.2857 14.2857 84.205
1 1 1 1 1 1 14.2857 15.873 83.3331
1 1 1 1 1 1 14.2857 17.4603 82.1163
1 1 1 1 1 1 14.2857 19.0476 80.2098
1 1 1 1 1 1 14.2857 20.6349 77.9857
1 1 1 1 1 1 14.2857 22.2222 74.8472
1 1 1 1 1 1 14.2857 23.8095 71.1881
1 1 1 1 1 1 42.8571 0 33.8949
1 1 1 1 1 1 42.8571 1.5873 34.3288
1 1 1 1 1 1 42.8571 3.1746 34.7689
1 1 1 1 1 1 42.8571 4.7619 35.195
1 1 1 1 1 1 42.8571 6.34921 35.6083
1 1 1 1 1 1 42.8571 7.93651 36.0076
1 1 1 1 1 1 42.8571 9.52381 36.3949
1 1 1 1 1 1 42.8571 11.1111 36.7088
1 1 1 1 1 1 42.8571 12.6984 36.9888
1 1 1 1 1 1 42.8571 14.2857 37.2211
1 1 1 1 1 1 42.8571 15.873 37.3436
1 1 1 1 1 1 42.8571 17.4603 37.3407
1 1 1 1 1 1 42.8571 19.0476 37.3225
1 1 1 1 1 1 42.8571 20.6349 37.191
1 1 1 1 1 1 42.8571 22.2222 36.8601
1 1 1 1 1 1 42.8571 23.8095 36.3577
1 1 1 1 1 1 42.8571 25.3968 35.7832
1 1 1 1 1 1 42.8571 26.9841 34.9941
1 1 1 1 1 1 42.8571 28.5714 34.0858
1 1 1 1 1 1 42.8571 30.1587 33.1116
1 1 1 1 1 1 42.8571 31.746 31.9261
1 1 1 1 1 1 42.8571 33.3333 30.4498
1 1 1 1 1 1 42.8571 34.9206 28.8985
1 1 1 1 1 1 42.8571 36.5079 27.3369
1 1 1 1 1 1 42.8571 38.0952 25.6292
1 1 1 1 1 1 42.8571 39.6825 24.1295
1 1 1 1 1 1 42.8571 41.2698 22.7534
1 1 1 1 1 1 42.8571 42.8571 21.4339
1 1 1 1 1 1 42.8571 44.4444 20.0484
1 1 1 1 1 1 42.8571 46.0317 18.8535
1 1 1 1 1 1 42.8571 47.619 17.7556
1 1 1 1 1 1 42.8571 49.2063 16.5984
1 1 1 1 1 1 100 0 5.64973
1 1 1 1 1 1 100 1.5873 5.51089
1 1 1 1 1 1 100 3.1746 5.23491
1 1 1 1 1 1 100 4.7619 4.9154
1 1 1 1 1 1 100 6.34921 4.56851
1 1 1 1 1 1 100 7.93651 4.19988
1 1 1 1 1 1 100 9.52381 3.77643
1 1 1 1 1 1 100 11.1111 3.35422
1 1 1 1 1 1 100 12.6984 2.86015
1 1 1 1 1 1 100 14.2857 2.38053
1 1 1 1 1 1 100 15.873 1.82925
1 1 1 1 1 1 100 17.4603 1.24626
1 1 1 1 1 1 100 19.0476 0.736931
1 1 1 1 1 1 100 20.6349 0.295704
1 1 1 1 1 1 100 22.2222 0
1 1 1 1 1 1 100 23.8095 0.075442
1 1 1 1 1 1 100 25.3968 0.513822
1 1 1 1 1 1 100 26.9841 1.13142
1 1 1 1 1 1 100 28.5714 1.8764
1 1 1 1 1 1 100 30.1587 2.54143
1 1 1 1 1 1 100 31.746 3.07081
1 1 1 1 1 1 100 33.3333 3.51051
1 1 1 1 1 1 100 34.9206 3.9116
1 1 1 1 1 1 100 36.5079 4.23292
1 1 1 1 1 1 100 38.0952 4.40282
1 1 1 1 1 1 100 39.6825 4.52837
1 1 1 1 1 1 100 41.2698 4.59309
1 1 1 1 1 1 100 42.8571 4.60472
1 1 1 1 1 1 100 44.4444 4.5768
1 1 1 1 1 1 100 46.0317 4.54223
1 1 1 1 1 1 100 47.619 4.47075
1 1 1 1 1 1 100 49.2063 4.36297
1 1 1 1 1 1 100 50.7937 4.24438
1 1 1 1 1 1 100 52.381 4.14824
1 1 1 1 1 1 100 53.9683 4.02445
1 1 1 1 1 1 100 55.5556 3.91185
1 1 1 1 1 1 100 57.1429 3.76962
1 1 1 1 1 1 100 58.7302 3.667
1 1 1 1 1 1 100 60.3175 3.60847
1 1 1 1 1 1 100 61.9048 3.54107
1 1 1 1 1 1 100 63.4921 3.47941
1 1 1 1 1 1 100 65.0794 3.46418
1 1 1 1 1 1 100 66.6667 3.47198
1 1 1 1 1 1 100 68.254 3.5063
1 1 1 1 1 1 100 69.8413 3.58343
1 1 1 1 1 1 100 71.4286 3.66514
1 1 1 1 1 1 100 73.0159 3.77569
1 1 1 1 1 1 100 74.6032 3.86755
1 1 1 1 1 1 100 76.1905 3.97227
1 1 1 1 1 1 100 77.7778 4.14044
1 1 1 1 1 1 100 79.3651 4.32185
1 1 1 1 1 1 100 80.9524 4.51682
1 1 1 1 1 1 100 82.5397 4.74418
1 1 1 1 1 1 100 84.127 5.0014
1 1 1 1 1 1 100 85.7143 5.27508
1 1 1 1 1 1 100 87.3016 5.55639
1 1 1 1 1 1 100 88.8889 5.90394
1 1 1 1 1 1 100 90.4762 6.33902
1 1 1 1 1 1 100 92.0635 6.82822
1 1 1 1 1 1 100 93.6508 7.36147
1 1 1 1 1 1 100 95.2381 7.95799
1 1 1 1 1 1 100 96.8254 8.52874
1 1 1 1 1 1 100 98.4127 9.10216
1 1 1 1 1 1 100 100 9.65137
0 0 0 1 0 0 0 0 97.7136
0 0 0 1 0 0 0 1.5873 98.4804
0 0 0 1 0 0 0 3.1746 98.5906
0 0 0 1 0 0 0 4.7619 99.2278
0 0 0 1 0 0 0 6.34921 99.2526
0 0 0 1 0 0 0 7.93651 99.3392
0 0 0 1 0 0 0 9.52381 99.142
0 0 0 1 0 0 0 11.1111 98.829
0 0 0 1 0 0 14.2857 0 84.7755
0 0 0 1 0 0 14.2857 1.5873 85.7403
0 0 0 1 0 0 14.2857 3.1746 86.4481
0 0 0 1 0 0 14.2857 4.7619 87.1621
0 0 0 1 0 0 14.2857 6.34921 87.8286
0 0 0 1 0 0 14.2857 7.93651 88.4292
0 0 0 1 0 0 14.2857 9.52381 88.9741
0 0 0 1 0 0 14.2857 11.1111 89.3383
0 0 0 1 0 0 14.2857 12.6984 89.4072
0 0 0 1 0 0 14.2857 14.2857 89.2459
0 0 0 1 0 0 14.2857 15.873 88.3162
0 0 0 1 0 0 14.2857 17.4603 86.9827
0 0 0 1 0 0 14.2857 19.0476 84.8221
0 0 0 1 0 0 14.2857 20.6349 82.433
0 0 0 1 0 0 14.2857 22.2222 78.9662
0 0 0 1 0 0 14.2857 23.8095 74.9639
0 0 0 1 0 0 42.8571 0 57.0855
0 0 0 1 0 0 42.8571 1.5873 57.9323
0 0 0 1 0 0 42.8571 3.1746 58.8109
0 0 0 1 0 0 42.8571 4.7619 59.6668
0 0 0 1 0 0 42.8571 6.34921 60.4979
0 0 0 1 0 0 42.8571 7.93651 61.3097
0 0 0 1 0 0 42.8571 9.52381 62.1029
0 0 0 1 0 0 42.8571 11.1111 62.7513
0 0 0 1 0 0 42.8571 12.6984 63.3292
0 0 0 1 0 0 42.8571 14.2857 63.8077
0 0 0 1 0 0 42.8571 15.873 64.058
0 0 0 1 0 0 42.8571 17.4603 64.044
0 0 0 1 0 0 42.8571 19.0476 63.9924
0 0 0 1 0 0 42.8571 20.6349 63.7132
0 0 0 1 0 0 42.8571 22.2222 63.0322
0 0 0 1 0 0 42.8571 23.8095 62.001
0 0 0 1 0 0 42.8571 25.3968 60.8304
0 0 0 1 0 0 42.8571 26.9841 59.2275
0 0 0 1 0 0 42.8571 28.5714 57.3978
0 0 0 1 0 0 42.8571 30.1587 55.4657
0 0 0 1 0 0 42.8571 31.746 53.1455
0 0 0 1 0 0 42.8571 33.3333 50.3329
0 0 0 1 0 0 42.8571 34.9206 47.4303
0 0 0 1 0 0 42.8571 36.5079 44.5648
0 0 0 1 0 0 42.8571 38.0952 41.5149
0 0 0 1 0 0 42.8571 39.6825 38.8792
0 0 0 1 0 0 42.8571 41.2698 36.4807
0 0 0 1 0 0 42.8571 42.8571 34.2067
0 0 0 1 0 0 42.8571 44.4444 31.8783
0 0 0 1 0 0 42.8571 46.0317 29.9429
0 0 0 1 0 0 42.8571 47.619 28.1878
0 0 0 1 0 0 42.8571 49.2063 26.3432
0 0 0 1 0 0 100 0 25.8396
0 0 0 1 0 0 100 1.5873 25.6032
0 0 0 1 0 0 100 3.1746 25.2139
0 0 0 1 0 0 100 4.7619 24.768
0 0 0 1 0 0 100 6.34921 24.3209
0 0 0 1 0 0 100 7.93651 23.9113
0 0 0 1 0 0 100 9.52381 23.4773
0 0 0 1 0 0 100 11.1111 23.1181
0 0 0 1 0 0 100 12.6984 22.7456
0 0 0 1 0 0 100 14.2857 22.4391
0 0 0 1 0 0 100 15.873 22.1182
0 0 0 1 0 0 100 17.4603 21.8184
0 0 0 1 0 0 100 19.0476 21.5837
0 0 0 1 0 0 100 20.6349 21.3646
0 0 0 1 0 0 100 22.2222 21.1448
0 0 0 1 0 0 100 23.8095 20.9385
0 0 0 1 0 0 100 25.3968 20.7496
0 0 0 1 0 0 100 26.9841 20.4663
0 0 0 1 0 0 100 28.5714 20.1639
0 0 0 1 0 0 100 30.1587 19.9008
0 0 0 1 0 0 100 31.746 19.6359
0 0 0 1 0 0 100 33.3333 19.3802
0 0 0 1 0 0 100 34.9206 19.1018
0 0 0 1 0 0 100 36.5079 18.8555
0 0 0 1 0 0 100 38.0952 18.6163
0 0 0 1 0 0 100 39.6825 18.3887
0 0 0 1 0 0 100 41.2698 18.2066
0 0 0 1 0 0 100 42.8571 18.0468
0 0 0 1 0 0 100 44.4444 17.9221
0 0 0 1 0 0 100 46.0317 17.8558
0 0 0 1 0 0 100 47.619 17.7625
0 0 0 1 0 0 100 49.2063 17.6978
0 0 0 1 0 0 100 50.7937 17.6778
0 0 0 1 0 0 100 52.381 17.6981
0 0 0 1 0 0 100 53.9683 17.7415
0 0 0 1 0 0 100 55.5556 17.769
0 0 0 1 0 0 100 57.1429 17.7762
0 0 0 1 0 0 100 58.7302 17.8114
0 0 0 1 0 0 100 60.3175 17.9078
0 0 0 1 0 0 100 61.9048 17.9264
0 0 0 1 0 0 100 63.4921 17.9841
0 0 0 1 0 0 100 65.0794 18.0918
0 0 0 1 0 0 100 66.6667 18.2466
0 0 0 1 0 0 100 68.254 18.3702
0 0 0 1 0 0 100 69.8413 18.5037
0 0 0 1 0 0 100 71.4286 18.6844
0 0 0 1 0 0 100 73.0159 18.8968
0 0 0 1 0 0 100 74.6032 19.0325
0 0 0 1 0 0 100 76.1905 19.1369
0 0 0 1 0 0 100 77.7778 19.3311
0 0 0 1 0 0 100 79.3651 19.544
0 0 0 1 0 0 100 80.9524 19.6838
0 0 0 1 0 0 100 82.5397 19.8438
0 0 0 1 0 0 100 84.127 20.001
0 0 0 1 0 0 100 85.7143 20.1779
0 0 0 1 0 0 100 87.3016 20.2996
0 0 0 1 0 0 100 88.8889 20.4225
0 0 0 1 0 0 100 90.4762 20.4667
0 0 0 1 0 0 100 92.0635 20.378
0 0 0 1 0 0 100 93.6508 20.2938
0 0 0 1 0 0 100 95.2381 20.0237
0 0 0 1 0 0 100 96.8254 19.7935
0 0 0 1 0 0 100 98.4127 19.5469
0 0 0 1 0 0 100 100 19.2103
0 0 0 1 0 1 0 0 96.939
0 0 0 1 0 1 0 1.5873 97.707
0 0 0 1 0 1 0 3.1746 97.8118
0 0 0 1 0 1 0 4.7619 98.4582
0 0 0 1 0 1 0 6.34921 98.4825
0 0 0 1 0 1 0 7.93651 98.5638
0 0 0 1 0 1 0 9.52381 98.459
0 0 0 1 0 1 0 11.1111 98.0923
0 0 0 1 0 1 14.2857 0 81.0978
0 0 0 1 0 1 14.2857 1.5873 81.9739
0 0 0 1 0 1 14.2857 3.1746 82.6318
0 0 0 1 0 1 14.2857 4.7619 83.317
0 0 0 1 0 1 14.2857 6.34921 83.9514
0 0 0 1 0 1 14.2857 7.93651 84.5169
0 0 0 1 0 1 14.2857 9.52381 85.009
0 0 0 1 0 1 14.2857 11.1111 85.3257
0 0 0 1 0 1 14.2857 12.6984 85.3789
0 0 0 1 0 1 14.2857 14.2857 85.2354
0 0 0 1 0 1 14.2857 15.873 84.3581
0 0 0 1 0 1 14.2857 17.4603 83.1173
0 0 0 1 0 1 14.2857 19.0476 81.1494
0 0 0 1 0 1 14.2857 20.6349 78.9101
0 0 0 1 0 1 14.2857 22.2222 75.7097
0 0 0 1 0 1 14.2857 23.8095 71.9792
0 0 0 1 0 1 42.8571 0 46.0885
0 0 0 1 0 1 42.8571 1.5873 46.7258
0 0 0 1 0 1 42.8571 3.1746 47.3783
0 0 0 1 0 1 42.8571 4.7619 48.0123
0 0 0 1 0 1 42.8571 6.34921 48.6277
0 0 0 1 0 1 42.8571 7.93651 49.2258
0 0 0 1 0 1 42.8571 9.52381 49.8074
0 0 0 1 0 1 42.8571 11.1111 50.2813
0 0 0 1 0 1 42.8571 12.6984 50.7045
0 0 0 1 0 1 42.8571 14.2857 51.0555
0 0 0 1 0 1 42.8571 15.873 51.2403
0 0 0 1 0 1 42.8571 17.4603 51.2341
0 0 0 1 0 1 42.8571 19.0476 51.2024
0 0 0 1 0 1 42.8571 20.6349 51.0011
0 0 0 1 0 1 42.8571 22.2222 50.5024
0 0 0 1 0 1 42.8571 23.8095 49.7467
0 0 0 1 0 1 42.8571 25.3968 48.8847
0 0 0 1 0 1 42.8571 26.9841 47.7042
0 0 0 1 0 1 42.8571 28.5714 46.3512
0 0 0 1 0 1 42.8571 30.1587 44.9117
0 0 0 1 0 1 42.8571 31.746 43.1719
0 0 0 1 0 1 42.8571 33.3333 41.0344
0 0 0 1 0 1 42.8571 34.9206 38.8083
0 0 0 1 0 1 42.8571 36.5079 36.5896
0 0 0 1 0 1 42.8571 38.0952 34.1951
0 0 0 1 0 1 42.8571 39.6825 32.108
0 0 0 1 0 1 42.8571 41.2698 30.2003
0 0 0 1 0 1 42.8571 42.8571 28.3821
0 0 0 1 0 1 42.8571 44.4444 26.4979
0 0 0 1 0 1 42.8571 46.0317 24.9045
0 0 0 1 0 1 42.8571 47.619 23.4456
0 0 0 1 0 1 42.8571 49.2063 21.9021
0 0 0 1 0 1 100 0 17.9399
0 0 0 1 0 1 100 1.5873 17.7728
0 0 0 1 0 1 100 3.1746 17.4988
0 0 0 1 0 1 100 4.7619 17.1853
0 0 0 1 0 1 100 6.34921 16.8721
0 0 0 1 0 1 100 7.93651 16.5818
0 0 0 1 0 1 100 9.52381 16.2707
0 0 0 1 0 1 100 11.1111 16.014
0 0 0 1 0 1 100 12.6984 15.7428
0 0 0 1 0 1 100 14.2857 15.52
0 0 0 1 0 1 100 15.873 15.2804
0 0 0 1 0 1 100 17.4603 15.0505
0 0 0 1 0 1 100 19.0476 14.8656
0 0 0 1 0 1 100 20.6349 14.6877
0 0 0 1 0 1 100 22.2222 14.4994
0 0 0 1 0 1 100 23.8095 14.3124
0 0 0 1 0 1 100 25.3968 14.1309
0 0 0 1 0 1 100 26.9841 13.8639
0 0 0 1 0 1 100 28.5714 13.5844
0 0 0 1 0 1 100 30.1587 13.3454
0 0 0 1 0 1 100 31.746 13.1152
0 0 0 1 0 1 100 33.3333 12.8992
0 0 0 1 0 1 100 34.9206 12.6665
0 0 0 1 0 1 100 36.5079 12.4678
0 0 0 1 0 1 100 38.0952 12.2858
0 0 0 1 0 1 100 39.6825 12.1201
0 0 0 1 0 1 100 41.2698 11.9912
0 0 0 1 0 1 100 42.8571 11.8854
0 0 0 1 0 1 100 44.4444 11.8076
0 0 0 1 0 1 100 46.0317 11.7746
0 0 0 1 0 1 100 47.619 11.7189
0 0 0 1 0 1 100 49.2063 11.6865
0 0 0 1 0 1 100 50.7937 11.6885
0 0 0 1 0 1 100 52.381 11.7205
0 0 0 1 0 1 100 53.9683 11.7714
0 0 0 1 0 1 100 55.5556 11.8077
0 0 0 1 0 1 100 57.1429 11.8265
0 0 0 1 0 1 100 58.7302 11.8659
0 0 0 1 0 1 100 60.3175 11.9501
0 0 0 1 0 1 100 61.9048 11.9706
0 0 0 1 0 1 100 63.4921 12.0231
0 0 0 1 0 1 100 65.0794 12.1107
0 0 0 1 0 1 100 66.6667 12.233
0 0 0 1 0 1 100 68.254 12.3209
0 0 0 1 0 1 100 69.8413 12.4096
0 0 0 1 0 1 100 71.4286 12.5392
0 0 0 1 0 1 100 73.0159 12.6921
0 0 0 1 0 1 100 74.6032 12.7823
0 0 0 1 0 1 100 76.1905 12.8417
0 0 0 1 0 1 100 77.7778 12.9695
0 0 0 1 0 1 100 79.3651 13.1131
0 0 0 1 0 1 100 80.9524 13.1978
0 0 0 1 0 1 100 82.5397 13.2956
0 0 0 1 0 1 100 84.127 13.391
0 0 0 1 0 1 100 85.7143 13.5006
0 0 0 1 0 1 100 87.3016 13.5647
0 0 0 1 0 1 100 88.8889 13.6228
0 0 0 1 0 1 100 90.4762 13.6223
0 0 0 1 0 1 100 92.0635 13.5156
0 0 0 1 0 1 100 93.6508 13.4116
0 0 0 1 0 1 100 95.2381 13.1641
0 0 0 1 0 1 100 96.8254 12.9336
0 0 0 1 0 1 100 98.4127 12.6799
0 0 0 1 0 1 100 100 12.3644
0 0 0 1 1 0 0 0 98.405
0 0 0 1 1 0 0 1.5873 99.1524
0 0 0 1 1 0 0 3.1746 99.2419
0 0 0 1 1 0 0 4.7619 99.8936
0 0 0 1 1 0 0 6.34921 99.9167
0 0 0 1 1 0 0 7.93651 100
0 0 0 1 1 0 0 9.52381 99.8218
0 0 0 1 1 0 0 11.1111 99.5125
0 0 0 1 1 0 14.2857 0 83.3001
0 0 0 1 1 0 14.2857 1.5873 84.2232
0 0 0 1 1 0 14.2857 3.1746 84.9034
0 0 0 1 1 0 14.2857 4.7619 85.6235
0 0 0 1 1 0 14.2857 6.34921 86.2856
0 0 0 1 1 0 14.2857 7.93651 86.8828
0 0 0 1 1 0 14.2857 9.52381 87.3968
0 0 0 1 1 0 14.2857 11.1111 87.7342
0 0 0 1 1 0 14.2857 12.6984 87.7899
0 0 0 1 1 0 14.2857 14.2857 87.641
0 0 0 1 1 0 14.2857 15.873 86.7244
0 0 0 1 1 0 14.2857 17.4603 85.4462
0 0 0 1 1 0 14.2857 19.0476 83.3912
0 0 0 1 1 0 14.2857 20.6349 81.036
0 0 0 1 1 0 14.2857 22.2222 77.6475
0 0 0 1 1 0 14.2857 23.8095 73.7236
0 0 0 1 1 0 42.8571 0 40.9367
0 0 0 1 1 0 42.8571 1.5873 41.4828
0 0 0 1 1 0 42.8571 3.1746 42.0421
0 0 0 1 1 0 42.8571 4.7619 42.5845
0 0 0 1 1 0 42.8571 6.34921 43.11
0 0 0 1 1 0 42.8571 7.93651 43.6202
0 0 0 1 1 0 42.8571 9.52381 44.1156
0 0 0 1 1 0 42.8571 11.1111 44.5174
0 0 0 1 1 0 42.8571 12.6984 44.8754
0 0 0 1 1 0 42.8571 14.2857 45.1711
0 0 0 1 1 0 42.8571 15.873 45.3238
0 0 0 1 1 0 42.8571 17.4603 45.3155
0 0 0 1 1 0 42.8571 19.0476 45.287
0 0 0 1 1 0 42.8571 20.6349 45.1159
0 0 0 1 1 0 42.8571 22.2222 44.691
0 0 0 1 1 0 42.8571 23.8095 44.0484
0 0 0 1 1 0 42.8571 25.3968 43.3142
0 0 0 1 1 0 42.8571 26.9841 42.3102
0 0 0 1 1 0 42.8571 28.5714 41.1577
0 0 0 1 1 0 42.8571 30.1587 39.9265
0 0 0 1 1 0 42.8571 31.746 38.4337
0 0 0 1 1 0 42.8571 33.3333 36.5863
0 0 0 1 1 0 42.8571 34.9206 34.6542
0 0 0 1 1 0 42.8571 36.5079 32.7209
0 0 0 1 1 0 42.8571 38.0952 30.6235
0 0 0 1 1 0 42.8571 39.6825 28.7892
0 0 0 1 1 0 42.8571 41.2698 27.1104
0 0 0 1 1 0 42.8571 42.8571 25.5113
0 0 0 1 1 0 42.8571 44.4444 23.8436
0 0 0 1 1 0 42.8571 46.0317 22.4165
0 0 0 1 1 0 42.8571 47.619 21.1089
0 0 0 1 1 0 42.8571 49.2063 19.7304
0 0 0 1 1 0 100 0 10.5726
0 0 0 1 1 0 100 1.5873 10.4561
0 0 0 1 1 0 100 3.1746 10.2192
0 0 0 1 1 0 100 4.7619 9.95339
0 0 0 1 1 0 100 6.34921 9.68388
0 0 0 1 1 0 100 7.93651 9.42146
0 0 0 1 1 0 100 9.52381 9.12188
0 0 0 1 1 0 100 11.1111 8.86796
0 0 0 1 1 0 100 12.6984 8.57679
0 0 0 1 1 0 100 14.2857 8.33991
0 0 0 1 1 0 100 15.873 8.07831
0 0 0 1 1 0 100 17.4603 7.82753
0 0 0 1 1 0 100 19.0476 7.62492
0 0 0 1 1 0 100 20.6349 7.41315
0 0 0 1 1 0 100 22.2222 7.17474
0 0 0 1 1 0 100 23.8095 6.94809
0 0 0 1 1 0 100 25.3968 6.74255
0 0 0 1 1 0 100 26.9841 6.41661
0 0 0 1 1 0 100 28.5714 6.13283
0 0 0 1 1 0 100 30.1587 5.95538
0 0 0 1 1 0 100 31.746 5.86533
0 0 0 1 1 0 100 33.3333 5.82904
0 0 0 1 1 0 100 34.9206 5.81365
0 0 0 1 1 0 100 36.5079 5.86331
0 0 0 1 1 0 100 38.0952 5.89338
0 0 0 1 1 0 100 39.6825 5.94597
0 0 0 1 1 0 100 41.2698 5.98648
0 0 0 1 1 0 100 42.8571 6.02397
0 0 0 1 1 0 100 44.4444 6.04938
0 0 0 1 1 0 100 46.0317 6.09381
0 0 0 1 1 0 100 47.619 6.08993
0 0 0 1 1 0 100 49.2063 6.08011
0 0 0 1 1 0 100 50.7937 6.08655
0 0 0 1 1 0 100 52.381 6.12305
0 0 0 1 1 0 100 53.9683 6.16335
0 0 0 1 1 0 100 55.5556 6.19511
0 0 0 1 1 0 100 57.1429 6.19503
0 0 0 1 1 0 100 58.7302 6.22881
0 0 0 1 1 0 100 60.3175 6.30652
0 0 0 1 1 0 100 61.9048 6.32413
0 0 0 1 1 0 100 63.4921 6.37379
0 0 0 1 1 0 100 65.0794 6.45439
0 0 0 1 1 0 100 66.6667 6.56122
0 0 0 1 1 0 100 68.254 6.61584
0 0 0 1 1 0 100 69.8413 6.6629
0 0 0 1 1 0 100 71.4286 6.7593
0 0 0 1 1 0 100 73.0159 6.87912
0 0 0 1 1 0 100 74.6032 6.93617
0 0 0 1 1 0 100 76.1905 6.94936
0 0 0 1 1 0 100 77.7778 7.03256
0 0 0 1 1 0 100 79.3651 7.13721
0 0 0 1 1 0 100 80.9524 7.19557
0 0 0 1 1 0 100 82.5397 7.26693
0 0 0 1 1 0 100 84.127 7.35297
0 0 0 1 1 0 100 85.7143 7.45275
0 0 0 1 1 0 100 87.3016 7.51458
0 0 0 1 1 0 100 88.8889 7.59633
0 0 0 1 1 0 100 90.4762 7.71224
0 0 0 1 1 0 100 92.0635 7.82447
0 0 0 1 1 0 100 93.6508 8.01714
0 0 0 1 1 0 100 95.2381 8.27024
0 0 0 1 1 0 100 96.8254 8.55431
0 0 0 1 1 0 100 98.4127 8.89988
0 0 0 1 1 0 100 100 9.28501
0 0 1 0 0 0 0 0 97.7136
0 0 1 0 0 0 0 1.5873 98.4804
0 0 1 0 0 0 0 3.1746 96.2852
0 0 1 0 0 0 0 4.7619 98.9507
0 0 1 0 0 0 0 6.34921 95.7672
0 0 1 0 0 0 0 7.93651 95.9837
0 0 1 0 0 0 0 9.52381 96.1681
0 0 1 0 0 0 0 11.1111 90.7197
0 0 1 0 0 0 14.2857 0 84.7755
0 0 1 0 0 0 14.2857 1.5873 85.7403
0 0 1 0 0 0 14.2857 3.1746 86.4188
0 0 1 0 0 0 14.2857 4.7619 87.2466
0 0 1 0 0 0 14.2857 6.34921 87.74
0 0 1 0 0 0 14.2857 7.93651 87.8439
0 0 1 0 0 0 14.2857 9.52381 88.5785
0 0 1 0 0 0 14.2857 11.1111 87.634
0 0 1 0 0 0 14.2857 12.6984 85.3484
0 0 1 0 0 0 14.2857 14.2857 78.6787
0 0 1 0 0 0 14.2857 15.873 67.2852
0 0 1 0 0 0 14.2857 17.4603 59.9217
0 0 1 0 0 0 14.2857 19.0476 51.9234
0 0 1 0 0 0 14.2857 20.6349 48.1624
0 0 1 0 0 0 14.2857 22.2222 39.9125
0 0 1 0 0 0 14.2857 23.8095 38.0988
0 0 1 0 0 0 42.8571 0 57.0855
0 0 1 0 0 0 42.8571 1.5873 57.9323
0 0 1 0 0 0 42.8571 3.1746 58.8212
0 0 1 0 0 0 42.8571 4.7619 59.6808
0 0 1 0 0 0 42.8571 6.34921 60.521
0 0 1 0 0 0 42.8571 7.93651 61.2379
0 0 1 0 0 0 42.8571 9.52381 61.9969
0 0 1 0 0 0 42.8571 11.1111 61.7708
0 0 1 0 0 0 42.8571 12.6984 61.8104
0 0 1 0 0 0 42.8571 14.2857 61.5415
0 0 1 0 0 0 42.8571 15.873 60.8869
0 0 1 0 0 0 42.8571 17.4603 60.759
0 0 1 0 0 0 42.8571 19.0476 60.3754
0 0 1 0 0 0 42.8571 20.6349 60.3556
0 0 1 0 0 0 42.8571 22.2222 59.6033
0 0 1 0 0 0 42.8571 23.8095 57.6923
0 0 1 0 0 0 42.8571 25.3968 56.2152
0 0 1 0 0 0 42.8571 26.9841 54.4927
0 0 1 0 0 0 42.8571 28.5714 52.7908
0 0 1 0 0 0 42.8571 30.1587 50.7994
0 0 1 0 0 0 42.8571 31.746 49.8639
0 0 1 0 0 0 42.8571 33.3333 46.1339
0 0 1 0 0 0 42.8571 34.9206 42.7223
0 0 1 0 0 0 42.8571 36.5079 39.4142
0 0 1 0 0 0 42.8571 38.0952 37.9982
0 0 1 0 0 0 42.8571 39.6825 36.8634
0 0 1 0 0 0 42.8571 41.2698 36.2377
0 0 1 0 0 0 42.8571 42.8571 36.6993
0 0 1 0 0 0 42.8571 44.4444 36.5962
0 0 1 0 0 0 42.8571 46.0317 35.9284
0 0 1 0 0 0 42.8571 47.619 32.3204
0 0 1 0 0 0 42.8571 49.2063 27.8661
0 0 1 0 0 0 100 0 25.8396
0 0 1 0 0 0 100 1.5873 25.6032
0 0 1 0 0 0 100 3.1746 25.1809
0 0 1 0 0 0 100 4.7619 24.7449
0 0 1 0 0 0 100 6.34921 24.2841
0 0 1 0 0 0 100 7.93651 23.8391
0 0 1 0 0 0 100 9.52381 23.3779
0 0 1 0 0 0 100 11.1111 23.1074
0 0 1 0 0 0 100 12.6984 22.8916
0 0 1 0 0 0 100 14.2857 23.0409
0 0 1 0 0 0 100 15.873 23.017
0 0 1 0 0 0 100 17.4603 22.8677
0 0 1 0 0 0 100 19.0476 23.196
0 0 1 0 0 0 100 20.6349 23.665
0 0 1 0 0 0 100 22.2222 23.6238
0 0 1 0 0 0 100 23.8095 23.6972
0 0 1 0 0 0 100 25.3968 23.7615
0 0 1 0 0 0 100 26.9841 23.9901
0 0 1 0 0 0 100 28.5714 24.2763
0 0 1 0 0 0 100 30.1587 25.0254
0 0 1 0 0 0 100 31.746 26.0248
0 0 1 0 0 0 100 33.3333 26.9822
0 0 1 0 0 0 100 34.9206 27.9288
0 0 1 0 0 0 100 36.5079 28.8705
0 0 1 0 0 0 100 38.0952 29.8056
0 0 1 0 0 0 100 39.6825 30.7229
0 0 1 0 0 0 100 41.2698 31.6044
0 0 1 0 0 0 100 42.8571 32.7663
0 0 1 0 0 0 100 44.4444 34.0281
0 0 1 0 0 0 100 46.0317 35.6132
0 0 1 0 0 0 100 47.619 37.3815
0 0 1 0 0 0 100 49.2063 38.8557
0 0 1 0 0 0 100 50.7937 40.5464
0 0 1 0 0 0 100 52.381 41.9782
0 0 1 0 0 0 100 53.9683 44.1135
0 0 1 0 0 0 100 55.5556 45.7581
0 0 1 0 0 0 100 57.1429 47.5701
0 0 1 0 0 0 100 58.7302 50.0041
0 0 1 0 0 0 100 60.3175 53.0334
0 0 1 0 0 0 100 61.9048 54.6936
0 0 1 0 0 0 100 63.4921 56.3946
0 0 1 0 0 0 100 65.0794 58.3564
0 0 1 0 0 0 100 66.6667 60.9863
0 0 1 0 0 0 100 68.254 65.2691
0 0 1 0 0 0 100 69.8413 68.9001
0 0 1 0 0 0 100 71.4286 71.497
0 0 1 0 0 0 100 73.0159 72.6206
0 0 1 0 0 0 100 74.6032 72.5315
0 0 1 0 0 0 100 76.1905 72.793
0 0 1 0 0 0 100 77.7778 72.727
0 0 1 0 0 0 100 79.3651 72.7902
0 0 1 0 0 0 100 80.9524 72.6821
0 0 1 0 0 0 100 82.5397 72.0209
0 0 1 0 0 0 100 84.127 70.1454
0 0 1 0 0 0 100 85.7143 66.9054
0 0 1 0 0 0 100 87.3016 62.6568
0 0 1 0 0 0 100 88.8889 58.9165
0 0 1 0 0 0 100 90.4762 55.2083
0 0 1 0 0 0 100 92.0635 51.7691
0 0 1 0 0 0 100 93.6508 48.7118
0 0 1 0 0 0 100 95.2381 48.2746
0 0 1 0 0 0 100 96.8254 45.8055
0 0 1 0 0 0 100 98.4127 44.3759
0 0 1 0 0 0 100 100 51.4548
0 0 0 0 0 0 0 0 97.7136
0 0 0 0 0 0 0 1.5873 93.6726
0 0 0 0 0 0 0 3.1746 91.0105
0 0 0 0 0 0 0 4.7619 92.0425
0 0 0 0 0 0 0 6.34921 87.094
0 0 0 0 0 0 0 7.93651 83.3062
0 0 0 0 0 0 0 9.52381 64.9675
0 0 0 0 0 0 0 11.1111 39.6588
0 0 0 0 0 0 14.2857 0 84.7755
0 0 0 0 0 0 14.2857 1.5873 85.5468
0 0 0 0 0 0 14.2857 3.1746 86.2913
0 0 0 0 0 0 14.2857 4.7619 86.6642
0 0 0 0 0 0 14.2857 6.34921 86.4444
0 0 0 0 0 0 14.2857 7.93651 81.4513
0 0 0 0 0 0 14.2857 9.52381 77.5749
0 0 0 0 0 0 14.2857 11.1111 73.5017
0 0 0 0 0 0 14.2857 12.6984 68.6171
0 0 0 0 0 0 14.2857 14.2857 58.5539
0 0 0 0 0 0 14.2857 15.873 52.547
0 0 0 0 0 0 14.2857 17.4603 46.9485
0 0 0 0 0 0 14.2857 19.0476 42.7107
0 0 0 0 0 0 14.2857 20.6349 36.5343
0 0 0 0 0 0 14.2857 22.2222 27.6215
0 0 0 0 0 0 14.2857 23.8095 21.3432
0 0 0 0 0 0 42.8571 0 57.0855
0 0 0 0 0 0 42.8571 1.5873 57.9212
0 0 0 0 0 0 42.8571 3.1746 58.8126
0 0 0 0 0 0 42.8571 4.7619 59.7027
0 0 0 0 0 0 42.8571 6.34921 60.6266
0 0 0 0 0 0 42.8571 7.93651 61.3674
0 0 0 0 0 0 42.8571 9.52381 62.121
0 0 0 0 0 0 42.8571 11.1111 61.8905
0 0 0 0 0 0 42.8571 12.6984 61.9338
0 0 0 0 0 0 42.8571 14.2857 61.6727
0 0 0 0 0 0 42.8571 15.873 61.0139
0 0 0 0 0 0 42.8571 17.4603 60.8271
0 0 0 0 0 0 42.8571 19.0476 60.3457
0 0 0 0 0 0 42.8571 20.6349 60.281
0 0 0 0 0 0 42.8571 22.2222 59.5637
0 0 0 0 0 0 42.8571 23.8095 57.4539
0 0 0 0 0 0 42.8571 25.3968 55.8134
0 0 0 0 0 0 42.8571 26.9841 53.9932
0 0 0 0 0 0 42.8571 28.5714 52.2294
0 0 0 0 0 0 42.8571 30.1587 50.259
0 0 0 0 0 0 42.8571 31.746 49.0183
0 0 0 0 0 0 42.8571 33.3333 44.8313
0 0 0 0 0 0 42.8571 34.9206 40.6817
0 0 0 0 0 0 42.8571 36.5079 34.3675
0 0 0 0 0 0 42.8571 38.0952 28.4605
0 0 0 0 0 0 42.8571 39.6825 26.7706
0 0 0 0 0 0 42.8571 41.2698 24.9994
0 0 0 0 0 0 42.8571 42.8571 23.7203
0 0 0 0 0 0 42.8571 44.4444 21.045
0 0 0 0 0 0 42.8571 46.0317 17.8682
0 0 0 0 0 0 42.8571 47.619 14.4861
0 0 0 0 0 0 42.8571 49.2063 15.3346
0 0 0 0 0 0 100 0 25.8396
0 0 0 0 0 0 100 1.5873 25.6115
0 0 0 0 0 0 100 3.1746 25.2023
0 0 0 0 0 0 100 4.7619 24.6805
0 0 0 0 0 0 100 6.34921 24.1835
0 0 0 0 0 0 100 7.93651 23.6943
0 0 0 0 0 0 100 9.52381 23.2266
0 0 0 0 0 0 100 11.1111 23.0092
0 0 0 0 0 0 100 12.6984 22.7976
0 0 0 0 0 0 100 14.2857 23.0422
0 0 0 0 0 0 100 15.873 23.0661
0 0 0 0 0 0 100 17.4603 22.9634
0 0 0 0 0 0 100 19.0476 23.3858
0 0 0 0 0 0 100 20.6349 23.929
0 0 0 0 0 0 100 22.2222 23.7648
0 0 0 0 0 0 100 23.8095 23.6485
0 0 0 0 0 0 100 25.3968 23.3771
0 0 0 0 0 0 100 26.9841 23.2389
0 0 0 0 0 0 100 28.5714 23.3284
0 0 0 0 0 0 100 30.1587 24.0474
0 0 0 0 0 0 100 31.746 25.0905
0 0 0 0 0 0 100 33.3333 26.1782
0 0 0 0 0 0 100 34.9206 27.2664
0 0 0 0 0 0 100 36.5079 28.479
0 0 0 0 0 0 100 38.0952 29.6344
0 0 0 0 0 0 100 39.6825 30.8058
0 0 0 0 0 0 100 41.2698 31.6724
0 0 0 0 0 0 100 42.8571 32.8249
0 0 0 0 0 0 100 44.4444 34.0821
0 0 0 0 0 0 100 46.0317 35.7976
0 0 0 0 0 0 100 47.619 37.7259
0 0 0 0 0 0 100 49.2063 39.3816
0 0 0 0 0 0 100 50.7937 41.2959
0 0 0 0 0 0 100 52.381 42.8794
0 0 0 0 0 0 100 53.9683 45.3312
0 0 0 0 0 0 100 55.5556 47.0252
0 0 0 0 0 0 100 57.1429 48.6735
0 0 0 0 0 0 100 58.7302 50.8184
0 0 0 0 0 0 100 60.3175 53.2309
0 0 0 0 0 0 100 61.9048 54.0443
0 0 0 0 0 0 100 63.4921 54.8289
0 0 0 0 0 0 100 65.0794 55.8473
0 0 0 0 0 0 100 66.6667 58.1002
0 0 0 0 0 0 100 68.254 61.7143
0 0 0 0 0 0 100 69.8413 61.1554
0 0 0 0 0 0 100 71.4286 59.6726
0 0 0 0 0 0 100 73.0159 59.6821
0 0 0 0 0 0 100 74.6032 59.0984
0 0 0 0 0 0 100 76.1905 58.8369
0 0 0 0 0 0 100 77.7778 58.7222
0 0 0 0 0 0 100 79.3651 58.8051
0 0 0 0 0 0 100 80.9524 59.025
0 0 0 0 0 0 100 82.5397 58.224
0 0 0 0 0 0 100 84.127 56.532
0 0 0 0 0 0 100 85.7143 53.334
0 0 0 0 0 0 100 87.3016 47.8535
0 0 0 0 0 0 100 88.8889 42.4434
0 0 0 0 0 0 100 90.4762 38.0052
0 0 0 0 0 0 100 92.0635 28.6127
0 0 0 0 0 0 100 93.6508 26.6773
0 0 0 0 0 0 100 95.2381 25.1739
0 0 0 0 0 0 100 96.8254 22.7349
0 0 0 0 0 0 100 98.4127 19.7213
0 0 0 0 0 0 100 100 12.3055
1 1 1 0 1 1 0 0 97.3144
1 1 1 0 1 1 0 1.5873 98.0783
1 1 1 0 1 1 0 3.1746 98.167
1 1 1 0 1 1 0 4.7619 98.824
1 1 1 0 1 1 0 6.34921 98.8579
1 1 1 0 1 1 0 7.93651 98.9399
1 1 1 0 1 1 0 9.52381 98.7807
1 1 1 0 1 1 0 11.1111 98.3703
1 1 1 0 1 1 14.2857 0 80.1817
1 1 1 0 1 1 14.2857 1.5873 81.0253
1 1 1 0 1 1 14.2857 3.1746 81.6691
1 1 1 0 1 1 14.2857 4.7619 82.3547
1 1 1 0 1 1 14.2857 6.34921 83.0089
1 1 1 0 1 1 14.2857 7.93651 83.5702
1 1 1 0 1 1 14.2857 9.52381 84.0198
1 1 1 0 1 1 14.2857 11.1111 84.2772
1 1 1 0 1 1 14.2857 12.6984 84.3082
1 1 1 0 1 1 14.2857 14.2857 84.203
1 1 1 0 1 1 14.2857 15.873 83.3223
1 1 1 0 1 1 14.2857 17.4603 82.0824
1 1 1 0 1 1 14.2857 19.0476 80.1384
1 1 1 0 1 1 14.2857 20.6349 77.8715
1 1 1 0 1 1 14.2857 22.2222 74.6875
1 1 1 0 1 1 14.2857 23.8095 71.0318
1 1 1 0 1 1 42.8571 0 33.8949
1 1 1 0 1 1 42.8571 1.5873 34.3288
1 1 1 0 1 1 42.8571 3.1746 34.7743
1 1 1 0 1 1 42.8571 4.7619 35.1958
1 1 1 0 1 1 42.8571 6.34921 35.612
1 1 1 0 1 1 42.8571 7.93651 36.0142
1 1 1 0 1 1 42.8571 9.52381 36.4064
1 1 1 0 1 1 42.8571 11.1111 36.7442
1 1 1 0 1 1 42.8571 12.6984 37.0536
1 1 1 0 1 1 42.8571 14.2857 37.325
1 1 1 0 1 1 42.8571 15.873 37.5189
1 1 1 0 1 1 42.8571 17.4603 37.6175
1 1 1 0 1 1 42.8571 19.0476 37.6892
1 1 1 0 1 1 42.8571 20.6349 37.6546
1 1 1 0 1 1 42.8571 22.2222 37.4537
1 1 1 0 1 1 42.8571 23.8095 37.1118
1 1 1 0 1 1 42.8571 25.3968 36.6787
1 1 1 0 1 1 42.8571 26.9841 36.0208
1 1 1 0 1 1 42.8571 28.5714 35.2325
1 1 1 0 1 1 42.8571 30.1587 34.3807
1 1 1 0 1 1 42.8571 31.746 33.3141
1 1 1 0 1 1 42.8571 33.3333 31.9566
1 1 1 0 1 1 42.8571 34.9206 30.4899
1 1 1 0 1 1 42.8571 36.5079 28.9233
1 1 1 0 1 1 42.8571 38.0952 27.2317
1 1 1 0 1 1 42.8571 39.6825 25.7827
1 1 1 0 1 1 42.8571 41.2698 24.3704
1 1 1 0 1 1 42.8571 42.8571 22.9939
1 1 1 0 1 1 42.8571 44.4444 21.5214
1 1 1 0 1 1 42.8571 46.0317 20.2204
1 1 1 0 1 1 42.8571 47.619 19.0024
1 1 1 0 1 1 42.8571 49.2063 17.737
1 1 1 0 1 1 100 0 5.64973
1 1 1 0 1 1 100 1.5873 5.51089
1 1 1 0 1 1 100 3.1746 5.22864
1 1 1 0 1 1 100 4.7619 4.91128
1 1 1 0 1 1 100 6.34921 4.56211
1 1 1 0 1 1 100 7.93651 4.18367
1 1 1 0 1 1 100 9.52381 3.75218
1 1 1 0 1 1 100 11.1111 3.32629
1 1 1 0 1 1 100 12.6984 2.83285
1 1 1 0 1 1 100 14.2857 2.40061
1 1 1 0 1 1 100 15.873 1.91703
1 1 1 0 1 1 100 17.4603 1.52884
1 1 1 0 1 1 100 19.0476 1.44214
1 1 1 0 1 1 100 20.6349 1.60375
1 1 1 0 1 1 100 22.2222 1.8125
1 1 1 0 1 1 100 23.8095 2.11337
1 1 1 0 1 1 100 25.3968 2.49173
1 1 1 0 1 1 100 26.9841 2.90829
1 1 1 0 1 1 100 28.5714 3.35748
1 1 1 0 1 1 100 30.1587 3.87262
1 1 1 0 1 1 100 31.746 4.37456
1 1 1 0 1 1 100 33.3333 4.81946
1 1 1 0 1 1 100 34.9206 5.205
1 1 1 0 1 1 100 36.5079 5.5733
1 1 1 0 1 1 100 38.0952 5.92003
1 1 1 0 1 1 100 39.6825 6.24844
1 1 1 0 1 1 100 41.2698 6.55289
1 1 1 0 1 1 100 42.8571 6.84674
1 1 1 0 1 1 100 44.4444 7.13605
1 1 1 0 1 1 100 46.0317 7.41765
1 1 1 0 1 1 100 47.619 7.70044
1 1 1 0 1 1 100 49.2063 7.97375
1 1 1 0 1 1 100 50.7937 8.236
1 1 1 0 1 1 100 52.381 8.48704
1 1 1 0 1 1 100 53.9683 8.74714
1 1 1 0 1 1 100 55.5556 8.98304
1 1 1 0 1 1 100 57.1429 9.20714
1 1 1 0 1 1 100 58.7302 9.42579
1 1 1 0 1 1 100 60.3175 9.64143
1 1 1 0 1 1 100 61.9048 9.82734
1 1 1 0 1 1 100 63.4921 10.0185
1 1 1 0 1 1 100 65.0794 10.2119
1 1 1 0 1 1 100 66.6667 10.406
1 1 1 0 1 1 100 68.254 10.5636
1 1 1 0 1 1 100 69.8413 10.7022
1 1 1 0 1 1 100 71.4286 10.8792
1 1 1 0 1 1 100 73.0159 11.0824
1 1 1 0 1 1 100 74.6032 11.2423
1 1 1 0 1 1 100 76.1905 11.3715
1 1 1 0 1 1 100 77.7778 11.5271
1 1 1 0 1 1 100 79.3651 11.6878
1 1 1 0 1 1 100 80.9524 11.8029
1 1 1 0 1 1 100 82.5397 11.9224
1 1 1 0 1 1 100 84.127 12.0362
1 1 1 0 1 1 100 85.7143 12.1595
1 1 1 0 1 1 100 87.3016 12.2383
1 1 1 0 1 1 100 88.8889 12.3088
1 1 1 0 1 1 100 90.4762 12.3366
1 1 1 0 1 1 100 92.0635 12.28
1 1 1 0 1 1 100 93.6508 12.2182
1 1 1 0 1 1 100 95.2381 12.0597
1 1 1 0 1 1 100 96.8254 11.8612
1 1 1 0 1 1 100 98.4127 11.6813
1 1 1 0 1 1 100 100 11.4697
0 0 0 0 0 0 0 0 97.7136
0 0 0 0 0 0 0 1.5873 98.134
0 0 0 0 0 0 0 3.1746 98.07
0 0 0 0 0 0 0 4.7619 98.5803
0 0 0 0 0 0 0 6.34921 97.6575
0 0 0 0 0 0 0 7.93651 95.4256
0 0 0 0 0 0 0 9.52381 92.1271
0 0 0 0 0 0 0 11.1111 84.8229
0 0 0 0 0 0 14.2857 0 84.7755
0 0 0 0 0 0 14.2857 1.5873 85.6899
0 0 0 0 0 0 14.2857 3.1746 86.3916
0 0 0 0 0 0 14.2857 4.7619 86.9501
0 0 0 0 0 0 14.2857 6.34921 87.4516
0 0 0 0 0 0 14.2857 7.93651 87.8819
0 0 0 0 0 0 14.2857 9.52381 88.3781
0 0 0 0 0 0 14.2857 11.1111 88.1343
0 0 0 0 0 0 14.2857 12.6984 85.6318
0 0 0 0 0 0 14.2857 14.2857 82.8191
0 0 0 0 0 0 14.2857 15.873 79.4842
0 0 0 0 0 0 14.2857 17.4603 75.7996
0 0 0 0 0 0 14.2857 19.0476 72.322
0 0 0 0 0 0 14.2857 20.6349 68.6518
0 0 0 0 0 0 14.2857 22.2222 64.4053
0 0 0 0 0 0 14.2857 23.8095 58.0532
0 0 0 0 0 0 42.8571 0 57.0855
0 0 0 0 0 0 42.8571 1.5873 57.9299
0 0 0 0 0 0 42.8571 3.1746 58.8229
0 0 0 0 0 0 42.8571 4.7619 59.6734
0 0 0 0 0 0 42.8571 6.34921 60.5157
0 0 0 0 0 0 42.8571 7.93651 61.341
0 0 0 0 0 0 42.8571 9.52381 62.1367
0 0 0 0 0 0 42.8571 11.1111 62.8379
0 0 0 0 0 0 42.8571 12.6984 63.4983
0 0 0 0 0 0 42.8571 14.2857 64.0873
0 0 0 0 0 0 42.8571 15.873 64.4932
0 0 0 0 0 0 42.8571 17.4603 64.6681
0 0 0 0 0 0 42.8571 19.0476 64.7687
0 0 0 0 0 0 42.8571 20.6349 64.6631
0 0 0 0 0 0 42.8571 22.2222 64.2634
0 0 0 0 0 0 42.8571 23.8095 63.5164
0 0 0 0 0 0 42.8571 25.3968 62.5513
0 0 0 0 0 0 42.8571 26.9841 61.1624
0 0 0 0 0 0 42.8571 28.5714 59.5369
0 0 0 0 0 0 42.8571 30.1587 57.755
0 0 0 0 0 0 42.8571 31.746 55.5928
0 0 0 0 0 0 42.8571 33.3333 52.8585
0 0 0 0 0 0 42.8571 34.9206 50.1588
0 0 0 0 0 0 42.8571 36.5079 47.2178
0 0 0 0 0 0 42.8571 38.0952 43.8945
0 0 0 0 0 0 42.8571 39.6825 41.2023
0 0 0 0 0 0 42.8571 41.2698 38.699
0 0 0 0 0 0 42.8571 42.8571 36.1325
0 0 0 0 0 0 42.8571 44.4444 33.6065
0 0 0 0 0 0 42.8571 46.0317 31.4534
0 0 0 0 0 0 42.8571 47.619 29.4694
0 0 0 0 0 0 42.8571 49.2063 27.5518
0 0 0 0 0 0 100 0 25.8396
0 0 0 0 0 0 100 1.5873 25.6078
0 0 0 0 0 0 100 3.1746 25.2229
0 0 0 0 0 0 100 4.7619 24.7766
0 0 0 0 0 0 100 6.34921 24.3225
0 0 0 0 0 0 100 7.93651 23.8634
0 0 0 0 0 0 100 9.52381 23.4035
0 0 0 0 0 0 100 11.1111 23.0438
0 0 0 0 0 0 100 12.6984 22.6813
0 0 0 0 0 0 100 14.2857 22.4581
0 0 0 0 0 0 100 15.873 22.2044
0 0 0 0 0 0 100 17.4603 22.039
0 0 0 0 0 0 100 19.0476 22.0836
0 0 0 0 0 0 100 20.6349 22.2061
0 0 0 0 0 0 100 22.2222 22.2581
0 0 0 0 0 0 100 23.8095 22.2985
0 0 0 0 0 0 100 25.3968 22.3542
0 0 0 0 0 0 100 26.9841 22.4519
0 0 0 0 0 0 100 28.5714 22.5629
0 0 0 0 0 0 100 30.1587 22.8776
0 0 0 0 0 0 100 31.746 23.2699
0 0 0 0 0 0 100 33.3333 23.7987
0 0 0 0 0 0 100 34.9206 24.285
0 0 0 0 0 0 100 36.5079 24.8076
0 0 0 0 0 0 100 38.0952 25.3471
0 0 0 0 0 0 100 39.6825 25.8808
0 0 0 0 0 0 100 41.2698 26.3428
0 0 0 0 0 0 100 42.8571 26.8465
0 0 0 0 0 0 100 44.4444 27.3559
0 0 0 0 0 0 100 46.0317 27.8917
0 0 0 0 0 0 100 47.619 28.4526
0 0 0 0 0 0 100 49.2063 29.0247
0 0 0 0 0 0 100 50.7937 29.5803
0 0 0 0 0 0 100 52.381 30.098
0 0 0 0 0 0 100 53.9683 30.6697
0 0 0 0 0 0 100 55.5556 31.2092
0 0 0 0 0 0 100 57.1429 31.7157
0 0 0 0 0 0 100 58.7302 32.2091
0 0 0 0 0 0 100 60.3175 32.7123
0 0 0 0 0 0 100 61.9048 33.1491
0 0 0 0 0 0 100 63.4921 33.5735
0 0 0 0 0 0 100 65.0794 34.0112
0 0 0 0 0 0 100 66.6667 34.4628
0 0 0 0 0 0 100 68.254 34.8229
0 0 0 0 0 0 100 69.8413 35.1376
0 0 0 0 0 0 100 71.4286 35.5534
0 0 0 0 0 0 100 73.0159 36.0888
0 0 0 0 0 0 100 74.6032 36.4691
0 0 0 0 0 0 100 76.1905 36.7484
0 0 0 0 0 0 100 77.7778 37.0635
0 0 0 0 0 0 100 79.3651 37.3885
0 0 0 0 0 0 100 80.9524 37.5704
0 0 0 0 0 0 100 82.5397 37.7697
0 0 0 0 0 0 100 84.127 37.8988
0 0 0 0 0 0 100 85.7143 38.1322
0 0 0 0 0 0 100 87.3016 38.2003
0 0 0 0 0 0 100 88.8889 38.1896
0 0 0 0 0 0 100 90.4762 38.0576
0 0 0 0 0 0 100 92.0635 37.7639
0 0 0 0 0 0 100 93.6508 37.4046
0 0 0 0 0 0 100 95.2381 36.7558
0 0 0 0 0 0 100 96.8254 36.1268
0 0 0 0 0 0 100 98.4127 35.5382
0 0 0 0 0 0 100 100 34.8233
0 0 0 0 0 0 0 0 97.7136
0 0 0 0 0 0 0 1.5873 98.4804
0 0 0 0 0 0 0 3.1746 98.5852
0 0 0 0 0 0 0 4.7619 99.2237
0 0 0 0 0 0 0 6.34921 99.2505
0 0 0 0 0 0 0 7.93651 99.3252
0 0 0 0 0 0 0 9.52381 99.0761
0 0 0 0 0 0 0 11.1111 98.7056
0 0 0 0 0 0 14.2857 0 84.7755
0 0 0 0 0 0 14.2857 1.5873 85.7403
0 0 0 0 0 0 14.2857 3.1746 86.4444
0 0 0 0 0 0 14.2857 4.7619 87.1592
0 0 0 0 0 0 14.2857 6.34921 87.8728
0 0 0 0 0 0 14.2857 7.93651 88.482
0 0 0 0 0 0 14.2857 9.52381 88.9922
0 0 0 0 0 0 14.2857 11.1111 89.3107
0 0 0 0 0 0 14.2857 12.6984 89.3631
0 0 0 0 0 0 14.2857 14.2857 89.2212
0 0 0 0 0 0 14.2857 15.873 88.2836
0 0 0 0 0 0 14.2857 17.4603 86.9117
0 0 0 0 0 0 14.2857 19.0476 84.719
0 0 0 0 0 0 14.2857 20.6349 82.2895
0 0 0 0 0 0 14.2857 22.2222 78.8354
0 0 0 0 0 0 14.2857 23.8095 74.9412
0 0 0 0 0 0 42.8571 0 57.0855
0 0 0 0 0 0 42.8571 1.5873 57.9323
0 0 0 0 0 0 42.8571 3.1746 58.8216
0 0 0 0 0 0 42.8571 4.7619 59.6693
0 0 0 0 0 0 42.8571 6.34921 60.5074
0 0 0 0 0 0 42.8571 7.93651 61.325
0 0 0 0 0 0 42.8571 9.52381 62.1268
0 0 0 0 0 0 42.8571 11.1111 62.8239
0 0 0 0 0 0 42.8571 12.6984 63.4645
0 0 0 0 0 0 42.8571 14.2857 64.0279
0 0 0 0 0 0 42.8571 15.873 64.4301
0 0 0 0 0 0 42.8571 17.4603 64.6289
0 0 0 0 0 0 42.8571 19.0476 64.7675
0 0 0 0 0 0 42.8571 20.6349 64.6871
0 0 0 0 0 0 42.8571 22.2222 64.2874
0 0 0 0 0 0 42.8571 23.8095 63.5994
0 0 0 0 0 0 42.8571 25.3968 62.7175
0 0 0 0 0 0 42.8571 26.9841 61.3778
0 0 0 0 0 0 42.8571 28.5714 59.7773
0 0 0 0 0 0 42.8571 30.1587 58.0272
0 0 0 0 0 0 42.8571 31.746 55.8844
0 0 0 0 0 0 42.8571 33.3333 53.2025
0 0 0 0 0 0 42.8571 34.9206 50.4133
0 0 0 0 0 0 42.8571 36.5079 47.4773
0 0 0 0 0 0 42.8571 38.0952 44.3866
0 0 0 0 0 0 42.8571 39.6825 41.7331
0 0 0 0 0 0 42.8571 41.2698 39.2195
0 0 0 0 0 0 42.8571 42.8571 36.7814
0 0 0 0 0 0 42.8571 44.4444 34.2747
0 0 0 0 0 0 42.8571 46.0317 32.1509
0 0 0 0 0 0 42.8571 47.619 30.2535
0 0 0 0 0 0 42.8571 49.2063 28.3598
0 0 0 0 0 0 100 0 25.8396
0 0 0 0 0 0 100 1.5873 25.6032
0 0 0 0 0 0 100 3.1746 25.206
0 0 0 0 0 0 100 4.7619 24.7626
0 0 0 0 0 0 100 6.34921 24.3184
0 0 0 0 0 0 100 7.93651 23.9071
0 0 0 0 0 0 100 9.52381 23.4716
0 0 0 0 0 0 100 11.1111 23.1304
0 0 0 0 0 0 100 12.6984 22.7811
0 0 0 0 0 0 100 14.2857 22.5513
0 0 0 0 0 0 100 15.873 22.2952
0 0 0 0 0 0 100 17.4603 22.1141
0 0 0 0 0 0 100 19.0476 22.1191
0 0 0 0 0 0 100 20.6349 22.2032
0 0 0 0 0 0 100 22.2222 22.2407
0 0 0 0 0 0 100 23.8095 22.2977
0 0 0 0 0 0 100 25.3968 22.3987
0 0 0 0 0 0 100 26.9841 22.553
0 0 0 0 0 0 100 28.5714 22.7316
0 0 0 0 0 0 100 30.1587 23.0975
0 0 0 0 0 0 100 31.746 23.5347
0 0 0 0 0 0 100 33.3333 24.0635
0 0 0 0 0 0 100 34.9206 24.5514
0 0 0 0 0 0 100 36.5079 25.0654
0 0 0 0 0 0 100 38.0952 25.588
0 0 0 0 0 0 100 39.6825 26.1098
0 0 0 0 0 0 100 41.2698 26.5738
0 0 0 0 0 0 100 42.8571 27.0774
0 0 0 0 0 0 100 44.4444 27.5811
0 0 0 0 0 0 100 46.0317 28.0958
0 0 0 0 0 0 100 47.619 28.6296
0 0 0 0 0 0 100 49.2063 29.1604
0 0 0 0 0 0 100 50.7937 29.6839
0 0 0 0 0 0 100 52.381 30.1867
0 0 0 0 0 0 100 53.9683 30.7291
0 0 0 0 0 0 100 55.5556 31.2381
0 0 0 0 0 0 100 57.1429 31.7306
0 0 0 0 0 0 100 58.7302 32.2284
0 0 0 0 0 0 100 60.3175 32.735
0 0 0 0 0 0 100 61.9048 33.1854
0 0 0 0 0 0 100 63.4921 33.6503
0 0 0 0 0 0 100 65.0794 34.1489
0 0 0 0 0 0 100 66.6667 34.6637
0 0 0 0 0 0 100 68.254 35.1401
0 0 0 0 0 0 100 69.8413 35.6103
0 0 0 0 0 0 100 71.4286 36.1532
0 0 0 0 0 0 100 73.0159 36.7888
0 0 0 0 0 0 100 74.6032 37.3118
0 0 0 0 0 0 100 76.1905 37.7985
0 0 0 0 0 0 100 77.7778 38.3488
0 0 0 0 0 0 100 79.3651 38.906
0 0 0 0 0 0 100 80.9524 39.3482
0 0 0 0 0 0 100 82.5397 39.8089
0 0 0 0 0 0 100 84.127 40.228
0 0 0 0 0 0 100 85.7143 40.7358
0 0 0 0 0 0 100 87.3016 41.1144
0 0 0 0 0 0 100 88.8889 41.4997
0 0 0 0 0 0 100 90.4762 41.774
0 0 0 0 0 0 100 92.0635 41.9006
0 0 0 0 0 0 100 93.6508 41.9769
0 0 0 0 0 0 100 95.2381 41.8763
0 0 0 0 0 0 100 96.8254 41.7666
0 0 0 0 0 0 100 98.4127 41.8713
0 0 0 0 0 0 100 100 41.9757
0 0 0 0 0 1 0 0 96.939
0 0 0 0 0 1 0 1.5873 97.707
0 0 0 0 0 1 0 3.1746 97.8064
0 0 0 0 0 1 0 4.7619 98.4507
0 0 0 0 0 1 0 6.34921 98.4796
0 0 0 0 0 1 0 7.93651 98.5592
0 0 0 0 0 1 0 9.52381 98.3955
0 0 0 0 0 1 0 11.1111 97.9917
0 0 0 0 0 1 14.2857 0 81.0978
0 0 0 0 0 1 14.2857 1.5873 81.9739
0 0 0 0 0 1 14.2857 3.1746 82.6306
0 0 0 0 0 1 14.2857 4.7619 83.3157
0 0 0 0 0 1 14.2857 6.34921 83.9819
0 0 0 0 0 1 14.2857 7.93651 84.5548
0 0 0 0 0 1 14.2857 9.52381 85.0209
0 0 0 0 0 1 14.2857 11.1111 85.2981
0 0 0 0 0 1 14.2857 12.6984 85.3418
0 0 0 0 0 1 14.2857 14.2857 85.2284
0 0 0 0 0 1 14.2857 15.873 84.3416
0 0 0 0 0 1 14.2857 17.4603 83.0748
0 0 0 0 0 1 14.2857 19.0476 81.0706
0 0 0 0 0 1 14.2857 20.6349 78.788
0 0 0 0 0 1 14.2857 22.2222 75.5579
0 0 0 0 0 1 14.2857 23.8095 71.8629
0 0 0 0 0 1 42.8571 0 46.0885
0 0 0 0 0 1 42.8571 1.5873 46.7258
0 0 0 0 0 1 42.8571 3.1746 47.3865
0 0 0 0 0 1 42.8571 4.7619 48.0139
0 0 0 0 0 1 42.8571 6.34921 48.6343
0 0 0 0 0 1 42.8571 7.93651 49.2361
0 0 0 0 0 1 42.8571 9.52381 49.8251
0 0 0 0 0 1 42.8571 11.1111 50.3349
0 0 0 0 0 1 42.8571 12.6984 50.8027
0 0 0 0 0 1 42.8571 14.2857 51.2139
0 0 0 0 0 1 42.8571 15.873 51.5076
0 0 0 0 0 1 42.8571 17.4603 51.6557
0 0 0 0 0 1 42.8571 19.0476 51.7617
0 0 0 0 0 1 42.8571 20.6349 51.7064
0 0 0 0 0 1 42.8571 22.2222 51.4078
0 0 0 0 0 1 42.8571 23.8095 50.8971
0 0 0 0 0 1 42.8571 25.3968 50.2479
0 0 0 0 0 1 42.8571 26.9841 49.2621
0 0 0 0 0 1 42.8571 28.5714 48.0828
0 0 0 0 0 1 42.8571 30.1587 46.8033
0 0 0 0 0 1 42.8571 31.746 45.2186
0 0 0 0 0 1 42.8571 33.3333 43.2197
0 0 0 0 0 1 42.8571 34.9206 41.0967
0 0 0 0 0 1 42.8571 36.5079 38.8479
0 0 0 0 0 1 42.8571 38.0952 36.4522
0 0 0 0 0 1 42.8571 39.6825 34.3985
0 0 0 0 0 1 42.8571 41.2698 32.4248
0 0 0 0 0 1 42.8571 42.8571 30.5088
0 0 0 0 0 1 42.8571 44.4444 28.5021
0 0 0 0 0 1 42.8571 46.0317 26.7714
0 0 0 0 0 1 42.8571 47.619 25.1825
0 0 0 0 0 1 42.8571 49.2063 23.5586
0 0 0 0 0 1 100 0 17.9399
0 0 0 0 0 1 100 1.5873 17.7728
0 0 0 0 0 1 100 3.1746 17.4933
0 0 0 0 0 1 100 4.7619 17.1818
0 0 0 0 0 1 100 6.34921 16.8709
0 0 0 0 0 1 100 7.93651 16.5801
0 0 0 0 0 1 100 9.52381 16.2672
0 0 0 0 0 1 100 11.1111 16.0243
0 0 0 0 0 1 100 12.6984 15.7696
0 0 0 0 0 1 100 14.2857 15.6049
0 0 0 0 0 1 100 15.873 15.4167
0 0 0 0 0 1 100 17.4603 15.2824
0 0 0 0 0 1 100 19.0476 15.2867
0 0 0 0 0 1 100 20.6349 15.3517
0 0 0 0 0 1 100 22.2222 15.3746
0 0 0 0 0 1 100 23.8095 15.4043
0 0 0 0 0 1 100 25.3968 15.46
0 0 0 0 0 1 100 26.9841 15.5491
0 0 0 0 0 1 100 28.5714 15.6565
0 0 0 0 0 1 100 30.1587 15.9137
0 0 0 0 0 1 100 31.746 16.2329
0 0 0 0 0 1 100 33.3333 16.6209
0 0 0 0 0 1 100 34.9206 16.9746
0 0 0 0 0 1 100 36.5079 17.3524
0 0 0 0 0 1 100 38.0952 17.7355
0 0 0 0 0 1 100 39.6825 18.1196
0 0 0 0 0 1 100 41.2698 18.4594
0 0 0 0 0 1 100 42.8571 18.8254
0 0 0 0 0 1 100 44.4444 19.1905
0 0 0 0 0 1 100 46.0317 19.5617
0 0 0 0 0 1 100 47.619 19.9449
0 0 0 0 0 1 100 49.2063 20.3248
0 0 0 0 0 1 100 50.7937 20.6973
0 0 0 0 0 1 100 52.381 21.0528
0 0 0 0 0 1 100 53.9683 21.4339
0 0 0 0 0 1 100 55.5556 21.7878
0 0 0 0 0 1 100 57.1429 22.1285
0 0 0 0 0 1 100 58.7302 22.4705
0 0 0 0 0 1 100 60.3175 22.8157
0 0 0 0 0 1 100 61.9048 23.121
0 0 0 0 0 1 100 63.4921 23.4361
0 0 0 0 0 1 100 65.0794 23.771
0 0 0 0 0 1 100 66.6667 24.115
0 0 0 0 0 1 100 68.254 24.4273
0 0 0 0 0 1 100 69.8413 24.7309
0 0 0 0 0 1 100 71.4286 25.0852
0 0 0 0 0 1 100 73.0159 25.5014
0 0 0 0 0 1 100 74.6032 25.8429
0 0 0 0 0 1 100 76.1905 26.1568
0 0 0 0 0 1 100 77.7778 26.514
0 0 0 0 0 1 100 79.3651 26.8778
0 0 0 0 0 1 100 80.9524 27.1641
0 0 0 0 0 1 100 82.5397 27.4648
0 0 0 0 0 1 100 84.127 27.7419
0 0 0 0 0 1 100 85.7143 28.0806
0 0 0 0 0 1 100 87.3016 28.3413
0 0 0 0 0 1 100 88.8889 28.6073
0 0 0 0 0 1 100 90.4762 28.7995
0 0 0 0 0 1 100 92.0635 28.8977
0 0 0 0 0 1 100 93.6508 28.9682
0 0 0 0 0 1 100 95.2381 28.9233
0 0 0 0 0 1 100 96.8254 28.8746
0 0 0 0 0 1 100 98.4127 28.9567
0 0 0 0 0 1 100 100 29.0466
0 0 0 0 1 0 0 0 98.405
0 0 0 0 1 0 0 1.5873 99.1524
0 0 0 0 1 0 0 3.1746 99.2373
0 0 0 0 1 0 0 4.7619 99.8882
0 0 0 0 1 0 0 6.34921 99.9175
0 0 0 0 1 0 0 7.93651 99.9856
0 0 0 0 1 0 0 9.52381 99.7538
0 0 0 0 1 0 0 11.1111 99.4003
0 0 0 0 1 0 14.2857 0 83.3001
0 0 0 0 1 0 14.2857 1.5873 84.2232
0 0 0 0 1 0 14.2857 3.1746 84.9025
0 0 0 0 1 0 14.2857 4.7619 85.6227
0 0 0 0 1 0 14.2857 6.34921 86.3231
0 0 0 0 1 0 14.2857 7.93651 86.927
0 0 0 0 1 0 14.2857 9.52381 87.41
0 0 0 0 1 0 14.2857 11.1111 87.7037
0 0 0 0 1 0 14.2857 12.6984 87.7494
0 0 0 0 1 0 14.2857 14.2857 87.6373
0 0 0 0 1 0 14.2857 15.873 86.7129
0 0 0 0 1 0 14.2857 17.4603 85.4078
0 0 0 0 1 0 14.2857 19.0476 83.3153
0 0 0 0 1 0 14.2857 20.6349 80.9159
0 0 0 0 1 0 14.2857 22.2222 77.4858
0 0 0 0 1 0 14.2857 23.8095 73.5871
0 0 0 0 1 0 42.8571 0 40.9367
0 0 0 0 1 0 42.8571 1.5873 41.4828
0 0 0 0 1 0 42.8571 3.1746 42.0487
0 0 0 0 1 0 42.8571 4.7619 42.5857
0 0 0 0 1 0 42.8571 6.34921 43.1154
0 0 0 0 1 0 42.8571 7.93651 43.6289
0 0 0 0 1 0 42.8571 9.52381 44.1305
0 0 0 0 1 0 42.8571 11.1111 44.5636
0 0 0 0 1 0 42.8571 12.6984 44.9595
0 0 0 0 1 0 42.8571 14.2857 45.306
0 0 0 0 1 0 42.8571 15.873 45.5523
0 0 0 0 1 0 42.8571 17.4603 45.6756
0 0 0 0 1 0 42.8571 19.0476 45.7647
0 0 0 0 1 0 42.8571 20.6349 45.7173
0 0 0 0 1 0 42.8571 22.2222 45.4582
0 0 0 0 1 0 42.8571 23.8095 45.0206
0 0 0 0 1 0 42.8571 25.3968 44.4662
0 0 0 0 1 0 42.8571 26.9841 43.6264
0 0 0 0 1 0 42.8571 28.5714 42.6216
0 0 0 0 1 0 42.8571 30.1587 41.536
0 0 0 0 1 0 42.8571 31.746 40.1835
0 0 0 0 1 0 42.8571 33.3333 38.4713
0 0 0 0 1 0 42.8571 34.9206 36.6329
0 0 0 0 1 0 42.8571 36.5079 34.6814
0 0 0 0 1 0 42.8571 38.0952 32.5906
0 0 0 0 1 0 42.8571 39.6825 30.8058
0 0 0 0 1 0 42.8571 41.2698 29.0775
0 0 0 0 1 0 42.8571 42.8571 27.4037
0 0 0 0 1 0 42.8571 44.4444 25.6288
0 0 0 0 1 0 42.8571 46.0317 24.0758
0 0 0 0 1 0 42.8571 47.619 22.6293
0 0 0 0 1 0 42.8571 49.2063 21.1328
0 0 0 0 1 0 100 0 10.5726
0 0 0 0 1 0 100 1.5873 10.4561
0 0 0 0 1 0 100 3.1746 10.2135
0 0 0 0 1 0 100 4.7619 9.95042
0 0 0 0 1 0 100 6.34921 9.68157
0 0 0 0 1 0 100 7.93651 9.41259
0 0 0 0 1 0 100 9.52381 9.10942
0 0 0 0 1 0 100 11.1111 8.86136
0 0 0 0 1 0 100 12.6984 8.58455
0 0 0 0 1 0 100 14.2857 8.39963
0 0 0 0 1 0 100 15.873 8.19504
0 0 0 0 1 0 100 17.4603 8.05707
0 0 0 0 1 0 100 19.0476 8.06247
0 0 0 0 1 0 100 20.6349 8.14971
0 0 0 0 1 0 100 22.2222 8.20482
0 0 0 0 1 0 100 23.8095 8.2829
0 0 0 0 1 0 100 25.3968 8.39303
0 0 0 0 1 0 100 26.9841 8.51521
0 0 0 0 1 0 100 28.5714 8.66708
0 0 0 0 1 0 100 30.1587 8.96477
0 0 0 0 1 0 100 31.746 9.3376
0 0 0 0 1 0 100 33.3333 9.73601
0 0 0 0 1 0 100 34.9206 10.0825
0 0 0 0 1 0 100 36.5079 10.4571
0 0 0 0 1 0 100 38.0952 10.8265
0 0 0 0 1 0 100 39.6825 11.1962
0 0 0 0 1 0 100 41.2698 11.5302
0 0 0 0 1 0 100 42.8571 11.8662
0 0 0 0 1 0 100 44.4444 12.2004
0 0 0 0 1 0 100 46.0317 12.5319
0 0 0 0 1 0 100 47.619 12.869
0 0 0 0 1 0 100 49.2063 13.1983
0 0 0 0 1 0 100 50.7937 13.5162
0 0 0 0 1 0 100 52.381 13.818
0 0 0 0 1 0 100 53.9683 14.1331
0 0 0 0 1 0 100 55.5556 14.4188
0 0 0 0 1 0 100 57.1429 14.6922
0 0 0 0 1 0 100 58.7302 14.961
0 0 0 0 1 0 100 60.3175 15.228
0 0 0 0 1 0 100 61.9048 15.4604
0 0 0 0 1 0 100 63.4921 15.7008
0 0 0 0 1 0 100 65.0794 15.9477
0 0 0 0 1 0 100 66.6667 16.1975
0 0 0 0 1 0 100 68.254 16.4089
0 0 0 0 1 0 100 69.8413 16.6012
0 0 0 0 1 0 100 71.4286 16.8393
0 0 0 0 1 0 100 73.0159 17.1149
0 0 0 0 1 0 100 74.6032 17.3379
0 0 0 0 1 0 100 76.1905 17.5272
0 0 0 0 1 0 100 77.7778 17.7519
0 0 0 0 1 0 100 79.3651 17.9829
0 0 0 0 1 0 100 80.9524 18.1526
0 0 0 0 1 0 100 82.5397 18.3337
0 0 0 0 1 0 100 84.127 18.5075
0 0 0 0 1 0 100 85.7143 18.7054
0 0 0 0 1 0 100 87.3016 18.8535
0 0 0 0 1 0 100 88.8889 19.0011
0 0 0 0 1 0 100 90.4762 19.0799
0 0 0 0 1 0 100 92.0635 19.0605
0 0 0 0 1 0 100 93.6508 19.0346
0 0 0 0 1 0 100 95.2381 18.8914
0 0 0 0 1 0 100 96.8254 18.7194
0 0 0 0 1 0 100 98.4127 18.606
0 0 0 0 1 0 100 100 18.4768
0 0 0 0 0 1 0 0 96.939
0 0 0 0 0 1 0 1.5873 92.9871
0 0 0 0 0 1 0 3.1746 90.2969
0 0 0 0 0 1 0 4.7619 91.2802
0 0 0 0 0 1 0 6.34921 86.6848
0 0 0 0 0 1 0 7.93651 83.1264
0 0 0 0 0 1 0 9.52381 64.6553
0 0 0 0 0 1 0 11.1111 39.1238
0 0 0 0 0 1 14.2857 0 81.0978
0 0 0 0 0 1 14.2857 1.5873 81.8205
0 0 0 0 0 1 14.2857 3.1746 82.5357
0 0 0 0 0 1 14.2857 4.7619 82.9787
0 0 0 0 0 1 14.2857 6.34921 82.7886
0 0 0 0 0 1 14.2857 7.93651 78.0554
0 0 0 0 0 1 14.2857 9.52381 74.6818
0 0 0 0 0 1 14.2857 11.1111 71.144
0 0 0 0 0 1 14.2857 12.6984 66.8274
0 0 0 0 0 1 14.2857 14.2857 57.2192
0 0 0 0 0 1 14.2857 15.873 50.5931
0 0 0 0 0 1 14.2857 17.4603 45.1757
0 0 0 0 0 1 14.2857 19.0476 40.7329
0 0 0 0 0 1 14.2857 20.6349 33.4465
0 0 0 0 0 1 14.2857 22.2222 26.6629
0 0 0 0 0 1 14.2857 23.8095 18.4758
0 0 0 0 0 1 42.8571 0 46.0885
0 0 0 0 0 1 42.8571 1.5873 46.7216
0 0 0 0 0 1 42.8571 3.1746 47.3849
0 0 0 0 0 1 42.8571 4.7619 48.0457
0 0 0 0 0 1 42.8571 6.34921 48.7168
0 0 0 0 0 1 42.8571 7.93651 49.265
0 0 0 0 0 1 42.8571 9.52381 49.8222
0 0 0 0 0 1 42.8571 11.1111 49.6407
0 0 0 0 0 1 42.8571 12.6984 49.668
0 0 0 0 0 1 42.8571 14.2857 49.4625
0 0 0 0 0 1 42.8571 15.873 48.9626
0 0 0 0 0 1 42.8571 17.4603 48.8348
0 0 0 0 0 1 42.8571 19.0476 48.52
0 0 0 0 0 1 42.8571 20.6349 48.5052
0 0 0 0 0 1 42.8571 22.2222 47.9743
0 0 0 0 0 1 42.8571 23.8095 46.3908
0 0 0 0 0 1 42.8571 25.3968 45.153
0 0 0 0 0 1 42.8571 26.9841 43.7629
0 0 0 0 0 1 42.8571 28.5714 42.4306
0 0 0 0 0 1 42.8571 30.1587 40.9552
0 0 0 0 0 1 42.8571 31.746 40.061
0 0 0 0 0 1 42.8571 33.3333 36.781
0 0 0 0 0 1 42.8571 34.9206 33.4642
0 0 0 0 0 1 42.8571 36.5079 28.3879
0 0 0 0 0 1 42.8571 38.0952 23.4567
0 0 0 0 0 1 42.8571 39.6825 22.1261
0 0 0 0 0 1 42.8571 41.2698 20.656
0 0 0 0 0 1 42.8571 42.8571 19.7118
0 0 0 0 0 1 42.8571 44.4444 17.5277
0 0 0 0 0 1 42.8571 46.0317 14.9254
0 0 0 0 0 1 42.8571 47.619 11.6945
0 0 0 0 0 1 42.8571 49.2063 12.0272
0 0 0 0 0 1 100 0 17.9399
0 0 0 0 0 1 100 1.5873 17.7765
0 0 0 0 0 1 100 3.1746 17.4875
0 0 0 0 0 1 100 4.7619 17.1288
0 0 0 0 0 1 100 6.34921 16.7972
0 0 0 0 0 1 100 7.93651 16.4605
0 0 0 0 0 1 100 9.52381 16.1287
0 0 0 0 0 1 100 11.1111 15.9886
0 0 0 0 0 1 100 12.6984 15.8296
0 0 0 0 0 1 100 14.2857 16.0484
0 0 0 0 0 1 100 15.873 16.0806
0 0 0 0 0 1 100 17.4603 15.9935
0 0 0 0 0 1 100 19.0476 16.3078
0 0 0 0 0 1 100 20.6349 16.711
0 0 0 0 0 1 100 22.2222 16.5544
0 0 0 0 0 1 100 23.8095 16.4609
0 0 0 0 0 1 100 25.3968 16.2142
0 0 0 0 0 1 100 26.9841 15.9637
0 0 0 0 0 1 100 28.5714 15.957
0 0 0 0 0 1 100 30.1587 16.482
0 0 0 0 0 1 100 31.746 17.288
0 0 0 0 0 1 100 33.3333 18.1086
0 0 0 0 0 1 100 34.9206 18.9281
0 0 0 0 0 1 100 36.5079 19.8504
0 0 0 0 0 1 100 38.0952 20.715
0 0 0 0 0 1 100 39.6825 21.6167
0 0 0 0 0 1 100 41.2698 22.2729
0 0 0 0 0 1 100 42.8571 23.1247
0 0 0 0 0 1 100 44.4444 24.0453
0 0 0 0 0 1 100 46.0317 25.272
0 0 0 0 0 1 100 47.619 26.6151
0 0 0 0 0 1 100 49.2063 27.765
0 0 0 0 0 1 100 50.7937 29.0817
0 0 0 0 0 1 100 52.381 30.1657
0 0 0 0 0 1 100 53.9683 31.8366
0 0 0 0 0 1 100 55.5556 32.9206
0 0 0 0 0 1 100 57.1429 33.958
0 0 0 0 0 1 100 58.7302 35.2672
0 0 0 0 0 1 100 60.3175 36.6568
0 0 0 0 0 1 100 61.9048 37.0722
0 0 0 0 0 1 100 63.4921 37.4648
0 0 0 0 0 1 100 65.0794 38.0171
0 0 0 0 0 1 100 66.6667 39.3746
0 0 0 0 0 1 100 68.254 41.5269
0 0 0 0 0 1 100 69.8413 43.4849
0 0 0 0 0 1 100 71.4286 45.0862
0 0 0 0 0 1 100 73.0159 46.2106
0 0 0 0 0 1 100 74.6032 45.8501
0 0 0 0 0 1 100 76.1905 45.7206
0 0 0 0 0 1 100 77.7778 45.735
0 0 0 0 0 1 100 79.3651 45.9895
0 0 0 0 0 1 100 80.9524 46.402
0 0 0 0 0 1 100 82.5397 45.9845
0 0 0 0 0 1 100 84.127 44.8399
0 0 0 0 0 1 100 85.7143 42.457
0 0 0 0 0 1 100 87.3016 37.681
0 0 0 0 0 1 100 88.8889 32.9915
0 0 0 0 0 1 100 90.4762 29.3258
0 0 0 0 0 1 100 92.0635 25.4077
0 0 0 0 0 1 100 93.6508 22.494
0 0 0 0 0 1 100 95.2381 19.7519
0 0 0 0 0 1 100 96.8254 17.9236
0 0 0 0 0 1 100 98.4127 15.6207
0 0 0 0 0 1 100 100 10.4043
0 0 0 0 1 0 0 0 98.405
0 0 0 0 1 0 0 1.5873 94.3029
0 0 0 0 1 0 0 3.1746 91.5484
0 0 0 0 1 0 0 4.7619 92.4971
0 0 0 0 1 0 0 6.34921 87.0936
0 0 0 0 1 0 0 7.93651 83.3062
0 0 0 0 1 0 0 9.52381 64.4656
0 0 0 0 1 0 0 11.1111 39.6592
0 0 0 0 1 0 14.2857 0 83.3001
0 0 0 0 1 0 14.2857 1.5873 84.0743
0 0 0 0 1 0 14.2857 3.1746 84.8407
0 0 0 0 1 0 14.2857 4.7619 85.3682
0 0 0 0 1 0 14.2857 6.34921 83.4473
0 0 0 0 1 0 14.2857 7.93651 78.2749
0 0 0 0 1 0 14.2857 9.52381 74.9689
0 0 0 0 1 0 14.2857 11.1111 71.5111
0 0 0 0 1 0 14.2857 12.6984 66.1798
0 0 0 0 1 0 14.2857 14.2857 55.7623
0 0 0 0 1 0 14.2857 15.873 49.5916
0 0 0 0 1 0 14.2857 17.4603 43.9061
0 0 0 0 1 0 14.2857 19.0476 39.5252
0 0 0 0 1 0 14.2857 20.6349 31.9933
0 0 0 0 1 0 14.2857 22.2222 25.755
0 0 0 0 1 0 14.2857 23.8095 17.5074
0 0 0 0 1 0 42.8571 0 40.9367
0 0 0 0 1 0 42.8571 1.5873 41.4786
0 0 0 0 1 0 42.8571 3.1746 42.045
0 0 0 0 1 0 42.8571 4.7619 42.6076
0 0 0 0 1 0 42.8571 6.34921 43.1805
0 0 0 0 1 0 42.8571 7.93651 43.6454
0 0 0 0 1 0 42.8571 9.52381 44.1214
0 0 0 0 1 0 42.8571 11.1111 43.9626
0 0 0 0 1 0 42.8571 12.6984 43.9873
0 0 0 0 1 0 42.8571 14.2857 43.8129
0 0 0 0 1 0 42.8571 15.873 43.3851
0 0 0 0 1 0 42.8571 17.4603 43.2841
0 0 0 0 1 0 42.8571 19.0476 43.0312
0 0 0 0 1 0 42.8571 20.6349 43.0423
0 0 0 0 1 0 42.8571 22.2222 42.5989
0 0 0 0 1 0 42.8571 23.8095 41.2415
0 0 0 0 1 0 42.8571 25.3968 40.1818
0 0 0 0 1 0 42.8571 26.9841 38.9885
0 0 0 0 1 0 42.8571 28.5714 37.8493
0 0 0 0 1 0 42.8571 30.1587 36.5821
0 0 0 0 1 0 42.8571 31.746 35.8261
0 0 0 0 1 0 42.8571 33.3333 32.9816
0 0 0 0 1 0 42.8571 34.9206 30.065
0 0 0 0 1 0 42.8571 36.5079 25.5451
0 0 0 0 1 0 42.8571 38.0952 21.0829
0 0 0 0 1 0 42.8571 39.6825 19.6112
0 0 0 0 1 0 42.8571 41.2698 18.2223
0 0 0 0 1 0 42.8571 42.8571 16.8917
0 0 0 0 1 0 42.8571 44.4444 15.7349
0 0 0 0 1 0 42.8571 46.0317 13.2088
0 0 0 0 1 0 42.8571 47.619 9.64659
0 0 0 0 1 0 42.8571 49.2063 9.03827
0 0 0 0 1 0 100 0 10.5726
0 0 0 0 1 0 100 1.5873 10.5008
0 0 0 0 1 0 100 3.1746 10.3538
0 0 0 0 1 0 100 4.7619 10.1128
0 0 0 0 1 0 100 6.34921 9.93561
0 0 0 0 1 0 100 7.93651 9.74769
0 0 0 0 1 0 100 9.52381 9.54904
0 0 0 0 1 0 100 11.1111 9.4903
0 0 0 0 1 0 100 12.6984 9.27932
0 0 0 0 1 0 100 14.2857 9.54001
0 0 0 0 1 0 100 15.873 9.54912
0 0 0 0 1 0 100 17.4603 9.42666
0 0 0 0 1 0 100 19.0476 9.65043
0 0 0 0 1 0 100 20.6349 9.94493
0 0 0 0 1 0 100 22.2222 9.67303
0 0 0 0 1 0 100 23.8095 9.60951
0 0 0 0 1 0 100 25.3968 9.3143
0 0 0 0 1 0 100 26.9841 8.60191
0 0 0 0 1 0 100 28.5714 8.49545
0 0 0 0 1 0 100 30.1587 9.01026
0 0 0 0 1 0 100 31.746 9.86875
0 0 0 0 1 0 100 33.3333 10.6255
0 0 0 0 1 0 100 34.9206 11.3888
0 0 0 0 1 0 100 36.5079 12.2866
0 0 0 0 1 0 100 38.0952 13.1381
0 0 0 0 1 0 100 39.6825 14.1255
0 0 0 0 1 0 100 41.2698 14.8975
0 0 0 0 1 0 100 42.8571 15.7941
0 0 0 0 1 0 100 44.4444 16.756
0 0 0 0 1 0 100 46.0317 17.9353
0 0 0 0 1 0 100 47.619 19.1315
0 0 0 0 1 0 100 49.2063 20.1586
0 0 0 0 1 0 100 50.7937 21.264
0 0 0 0 1 0 100 52.381 22.2057
0 0 0 0 1 0 100 53.9683 23.6568
0 0 0 0 1 0 100 55.5556 24.431
0 0 0 0 1 0 100 57.1429 25.1409
0 0 0 0 1 0 100 58.7302 25.946
0 0 0 0 1 0 100 60.3175 26.566
0 0 0 0 1 0 100 61.9048 26.6736
0 0 0 0 1 0 100 63.4921 26.7235
0 0 0 0 1 0 100 65.0794 26.9586
0 0 0 0 1 0 100 66.6667 27.7737
0 0 0 0 1 0 100 68.254 28.9006
0 0 0 0 1 0 100 69.8413 29.8538
0 0 0 0 1 0 100 71.4286 30.6445
0 0 0 0 1 0 100 73.0159 31.6502
0 0 0 0 1 0 100 74.6032 31.2014
0 0 0 0 1 0 100 76.1905 30.7906
0 0 0 0 1 0 100 77.7778 30.8384
0 0 0 0 1 0 100 79.3651 31.4068
0 0 0 0 1 0 100 80.9524 31.8931
0 0 0 0 1 0 100 82.5397 31.5021
0 0 0 0 1 0 100 84.127 29.6397
0 0 0 0 1 0 100 85.7143 27.4375
0 0 0 0 1 0 100 87.3016 24.6203
0 0 0 0 1 0 100 88.8889 21.8076
0 0 0 0 1 0 100 90.4762 19.532
0 0 0 0 1 0 100 92.0635 17.0604
0 0 0 0 1 0 100 93.6508 15.1233
0 0 0 0 1 0 100 95.2381 10.3179
0 0 0 0 1 0 100 96.8254 9.67493
0 0 0 0 1 0 100 98.4127 8.74817
0 0 0 0 1 0 100 100 8.40681