0 0 0 1 0 0 16 1 0.291821
0 0 0 1 0 0 16 2 0.283828
0 0 0 1 0 0 16 3 0.277011
0 0 0 1 0 0 16 4 0.278886
0 0 0 1 0 0 16 5 0.26693
0 0 0 1 0 0 16 6 0.257669
0 0 0 1 0 0 16 7 0.219025
0 0 0 1 0 0 16 8 0.152869
0 0 0 1 0 0 32 1 0.260454
0 0 0 1 0 0 32 2 0.262584
0 0 0 1 0 0 32 3 0.264406
0 0 0 1 0 0 32 4 0.265689
0 0 0 1 0 0 32 5 0.265518
0 0 0 1 0 0 32 6 0.261766
0 0 0 1 0 0 32 7 0.254661
0 0 0 1 0 0 32 8 0.24655
0 0 0 1 0 0 32 9 0.236561
0 0 0 1 0 0 32 10 0.220255
0 0 0 1 0 0 32 11 0.197877
0 0 0 1 0 0 32 12 0.183487
0 0 0 1 0 0 32 13 0.172733
0 0 0 1 0 0 32 14 0.161547
0 0 0 1 0 0 32 15 0.129011
0 0 0 1 0 0 32 16 0.110298
0 0 0 1 0 0 64 1 0.193323
0 0 0 1 0 0 64 2 0.195353
0 0 0 1 0 0 64 3 0.197435
0 0 0 1 0 0 64 4 0.199546
0 0 0 1 0 0 64 5 0.201714
0 0 0 1 0 0 64 6 0.203383
0 0 0 1 0 0 64 7 0.205102
0 0 0 1 0 0 64 8 0.203499
0 0 0 1 0 0 64 9 0.202557
0 0 0 1 0 0 64 10 0.200822
0 0 0 1 0 0 64 11 0.197624
0 0 0 1 0 0 64 12 0.195102
0 0 0 1 0 0 64 13 0.192275
0 0 0 1 0 0 64 14 0.191325
0 0 0 1 0 0 64 15 0.187851
0 0 0 1 0 0 64 16 0.181087
0 0 0 1 0 0 64 17 0.175817
0 0 0 1 0 0 64 18 0.17008
0 0 0 1 0 0 64 19 0.165761
0 0 0 1 0 0 64 20 0.160987
0 0 0 1 0 0 64 21 0.157763
0 0 0 1 0 0 64 22 0.147203
0 0 0 1 0 0 64 23 0.135616
0 0 0 1 0 0 64 24 0.122881
0 0 0 1 0 0 64 25 0.10847
0 0 0 1 0 0 64 26 0.104843
0 0 0 1 0 0 64 27 0.101403
0 0 0 1 0 0 64 28 0.100272
0 0 0 1 0 0 64 29 0.0922815
0 0 0 1 0 0 64 30 0.0900797
0 0 0 1 0 0 64 31 0.0814851
0 0 0 1 0 0 64 32 0.0764705
0 0 0 1 0 0 128 1 0.117571
0 0 0 1 0 0 128 2 0.117073
0 0 0 1 0 0 128 3 0.116211
0 0 0 1 0 0 128 4 0.115001
0 0 0 1 0 0 128 5 0.113758
0 0 0 1 0 0 128 6 0.112565
0 0 0 1 0 0 128 7 0.111481
0 0 0 1 0 0 128 8 0.110721
0 0 0 1 0 0 128 9 0.109881
0 0 0 1 0 0 128 10 0.109219
0 0 0 1 0 0 128 11 0.108041
0 0 0 1 0 0 128 12 0.105556
0 0 0 1 0 0 128 13 0.103365
0 0 0 1 0 0 128 14 0.100079
0 0 0 1 0 0 128 15 0.0965663
0 0 0 1 0 0 128 16 0.0942057
0 0 0 1 0 0 128 17 0.0934078
0 0 0 1 0 0 128 18 0.0907178
0 0 0 1 0 0 128 19 0.0899501
0 0 0 1 0 0 128 20 0.0903985
0 0 0 1 0 0 128 21 0.0917444
0 0 0 1 0 0 128 22 0.0925357
0 0 0 1 0 0 128 23 0.0932976
0 0 0 1 0 0 128 24 0.0941385
0 0 0 1 0 0 128 25 0.0950219
0 0 0 1 0 0 128 26 0.0963226
0 0 0 1 0 0 128 27 0.0979617
0 0 0 1 0 0 128 28 0.0998165
0 0 0 1 0 0 128 29 0.102077
0 0 0 1 0 0 128 30 0.10461
0 0 0 1 0 0 128 31 0.106923
0 0 0 1 0 0 128 32 0.108705
0 0 0 1 0 0 128 33 0.110589
0 0 0 1 0 0 128 34 0.112542
0 0 0 1 0 0 128 35 0.115828
0 0 0 1 0 0 128 36 0.117336
0 0 0 1 0 0 128 37 0.116261
0 0 0 1 0 0 128 38 0.118323
0 0 0 1 0 0 128 39 0.12087
0 0 0 1 0 0 128 40 0.121348
0 0 0 1 0 0 128 41 0.121898
0 0 0 1 0 0 128 42 0.122712
0 0 0 1 0 0 128 43 0.124637
0 0 0 1 0 0 128 44 0.128399
0 0 0 1 0 0 128 45 0.130411
0 0 0 1 0 0 128 46 0.131603
0 0 0 1 0 0 128 47 0.13251
0 0 0 1 0 0 128 48 0.129883
0 0 0 1 0 0 128 49 0.12742
0 0 0 1 0 0 128 50 0.126324
0 0 0 1 0 0 128 51 0.126508
0 0 0 1 0 0 128 52 0.126186
0 0 0 1 0 0 128 53 0.124543
0 0 0 1 0 0 128 54 0.121767
0 0 0 1 0 0 128 55 0.11761
0 0 0 1 0 0 128 56 0.111122
0 0 0 1 0 0 128 57 0.104514
0 0 0 1 0 0 128 58 0.100293
0 0 0 1 0 0 128 59 0.0942037
0 0 0 1 0 0 128 60 0.0900974
0 0 0 1 0 0 128 61 0.0800737
0 0 0 1 0 0 128 62 0.0772698
0 0 0 1 0 0 128 63 0.0740569
0 0 0 1 0 0 128 64 0.0756586
1 1 1 1 1 1 16 1 0.290853
1 1 1 1 1 1 16 2 0.292705
1 1 1 1 1 1 16 3 0.292933
1 1 1 1 1 1 16 4 0.294534
1 1 1 1 1 1 16 5 0.294599
1 1 1 1 1 1 16 6 0.294795
1 1 1 1 1 1 16 7 0.294566
1 1 1 1 1 1 16 8 0.293641
1 1 1 1 1 1 32 1 0.249317
1 1 1 1 1 1 32 2 0.251362
1 1 1 1 1 1 32 3 0.252924
1 1 1 1 1 1 32 4 0.254586
1 1 1 1 1 1 32 5 0.256111
1 1 1 1 1 1 32 6 0.257455
1 1 1 1 1 1 32 7 0.258603
1 1 1 1 1 1 32 8 0.259318
1 1 1 1 1 1 32 9 0.259413
1 1 1 1 1 1 32 10 0.259071
1 1 1 1 1 1 32 11 0.256957
1 1 1 1 1 1 32 12 0.254007
1 1 1 1 1 1 32 13 0.249385
1 1 1 1 1 1 32 14 0.243993
1 1 1 1 1 1 32 15 0.236384
1 1 1 1 1 1 32 16 0.227513
1 1 1 1 1 1 64 1 0.1371
1 1 1 1 1 1 64 2 0.138152
1 1 1 1 1 1 64 3 0.139219
1 1 1 1 1 1 64 4 0.140252
1 1 1 1 1 1 64 5 0.141254
1 1 1 1 1 1 64 6 0.142222
1 1 1 1 1 1 64 7 0.143161
1 1 1 1 1 1 64 8 0.143922
1 1 1 1 1 1 64 9 0.144601
1 1 1 1 1 1 64 10 0.145164
1 1 1 1 1 1 64 11 0.145461
1 1 1 1 1 1 64 12 0.145454
1 1 1 1 1 1 64 13 0.14541
1 1 1 1 1 1 64 14 0.145091
1 1 1 1 1 1 64 15 0.144289
1 1 1 1 1 1 64 16 0.143071
1 1 1 1 1 1 64 17 0.141678
1 1 1 1 1 1 64 18 0.139765
1 1 1 1 1 1 64 19 0.137563
1 1 1 1 1 1 64 20 0.135201
1 1 1 1 1 1 64 21 0.132327
1 1 1 1 1 1 64 22 0.128748
1 1 1 1 1 1 64 23 0.124987
1 1 1 1 1 1 64 24 0.121201
1 1 1 1 1 1 64 25 0.117061
1 1 1 1 1 1 64 26 0.113425
1 1 1 1 1 1 64 27 0.110089
1 1 1 1 1 1 64 28 0.10689
1 1 1 1 1 1 64 29 0.103531
1 1 1 1 1 1 64 30 0.100634
1 1 1 1 1 1 64 31 0.0979724
1 1 1 1 1 1 64 32 0.0951668
1 1 1 1 1 1 128 1 0.0686231
1 1 1 1 1 1 128 2 0.0682865
1 1 1 1 1 1 128 3 0.0676174
1 1 1 1 1 1 128 4 0.0668428
1 1 1 1 1 1 128 5 0.0660018
1 1 1 1 1 1 128 6 0.0651081
1 1 1 1 1 1 128 7 0.0640815
1 1 1 1 1 1 128 8 0.0630579
1 1 1 1 1 1 128 9 0.0618601
1 1 1 1 1 1 128 10 0.0606973
1 1 1 1 1 1 128 11 0.0593608
1 1 1 1 1 1 128 12 0.0579474
1 1 1 1 1 1 128 13 0.0567126
1 1 1 1 1 1 128 14 0.0556429
1 1 1 1 1 1 128 15 0.054926
1 1 1 1 1 1 128 16 0.0551089
1 1 1 1 1 1 128 17 0.0561717
1 1 1 1 1 1 128 18 0.057669
1 1 1 1 1 1 128 19 0.0594751
1 1 1 1 1 1 128 20 0.0610874
1 1 1 1 1 1 128 21 0.0623708
1 1 1 1 1 1 128 22 0.0634368
1 1 1 1 1 1 128 23 0.0644092
1 1 1 1 1 1 128 24 0.0651882
1 1 1 1 1 1 128 25 0.0656001
1 1 1 1 1 1 128 26 0.0659045
1 1 1 1 1 1 128 27 0.0660614
1 1 1 1 1 1 128 28 0.0660896
1 1 1 1 1 1 128 29 0.0660219
1 1 1 1 1 1 128 30 0.0659381
1 1 1 1 1 1 128 31 0.0657648
1 1 1 1 1 1 128 32 0.0655035
1 1 1 1 1 1 128 33 0.065216
1 1 1 1 1 1 128 34 0.0649829
1 1 1 1 1 1 128 35 0.0646828
1 1 1 1 1 1 128 36 0.0644098
1 1 1 1 1 1 128 37 0.064065
1 1 1 1 1 1 128 38 0.0638162
1 1 1 1 1 1 128 39 0.0636743
1 1 1 1 1 1 128 40 0.0635109
1 1 1 1 1 1 128 41 0.0633614
1 1 1 1 1 1 128 42 0.0633245
1 1 1 1 1 1 128 43 0.0633434
1 1 1 1 1 1 128 44 0.0634266
1 1 1 1 1 1 128 45 0.0636136
1 1 1 1 1 1 128 46 0.0638117
1 1 1 1 1 1 128 47 0.0640797
1 1 1 1 1 1 128 48 0.0643024
1 1 1 1 1 1 128 49 0.0645563
1 1 1 1 1 1 128 50 0.064964
1 1 1 1 1 1 128 51 0.0654038
1 1 1 1 1 1 128 52 0.0658765
1 1 1 1 1 1 128 53 0.0664277
1 1 1 1 1 1 128 54 0.0670513
1 1 1 1 1 1 128 55 0.0677148
1 1 1 1 1 1 128 56 0.0683968
1 1 1 1 1 1 128 57 0.0692394
1 1 1 1 1 1 128 58 0.0702942
1 1 1 1 1 1 128 59 0.0714802
1 1 1 1 1 1 128 60 0.072773
1 1 1 1 1 1 128 61 0.0742192
1 1 1 1 1 1 128 62 0.0756029
1 1 1 1 1 1 128 63 0.0769931
1 1 1 1 1 1 128 64 0.0783246
0 0 0 1 0 0 16 1 0.291821
0 0 0 1 0 0 16 2 0.29368
0 0 0 1 0 0 16 3 0.293947
0 0 0 1 0 0 16 4 0.295492
0 0 0 1 0 0 16 5 0.295552
0 0 0 1 0 0 16 6 0.295762
0 0 0 1 0 0 16 7 0.295284
0 0 0 1 0 0 16 8 0.294525
0 0 0 1 0 0 32 1 0.260454
0 0 0 1 0 0 32 2 0.262793
0 0 0 1 0 0 32 3 0.264509
0 0 0 1 0 0 32 4 0.26624
0 0 0 1 0 0 32 5 0.267856
0 0 0 1 0 0 32 6 0.269312
0 0 0 1 0 0 32 7 0.270633
0 0 0 1 0 0 32 8 0.271516
0 0 0 1 0 0 32 9 0.271683
0 0 0 1 0 0 32 10 0.271292
0 0 0 1 0 0 32 11 0.269038
0 0 0 1 0 0 32 12 0.265805
0 0 0 1 0 0 32 13 0.260567
0 0 0 1 0 0 32 14 0.254775
0 0 0 1 0 0 32 15 0.24637
0 0 0 1 0 0 32 16 0.236667
0 0 0 1 0 0 64 1 0.193323
0 0 0 1 0 0 64 2 0.195376
0 0 0 1 0 0 64 3 0.197506
0 0 0 1 0 0 64 4 0.199581
0 0 0 1 0 0 64 5 0.201596
0 0 0 1 0 0 64 6 0.203564
0 0 0 1 0 0 64 7 0.205487
0 0 0 1 0 0 64 8 0.207059
0 0 0 1 0 0 64 9 0.20846
0 0 0 1 0 0 64 10 0.20962
0 0 0 1 0 0 64 11 0.210227
0 0 0 1 0 0 64 12 0.210193
0 0 0 1 0 0 64 13 0.210068
0 0 0 1 0 0 64 14 0.209391
0 0 0 1 0 0 64 15 0.20774
0 0 0 1 0 0 64 16 0.20524
0 0 0 1 0 0 64 17 0.202402
0 0 0 1 0 0 64 18 0.198516
0 0 0 1 0 0 64 19 0.19408
0 0 0 1 0 0 64 20 0.189396
0 0 0 1 0 0 64 21 0.183771
0 0 0 1 0 0 64 22 0.176952
0 0 0 1 0 0 64 23 0.169915
0 0 0 1 0 0 64 24 0.162968
0 0 0 1 0 0 64 25 0.155574
0 0 0 1 0 0 64 26 0.149184
0 0 0 1 0 0 64 27 0.143369
0 0 0 1 0 0 64 28 0.137856
0 0 0 1 0 0 64 29 0.132211
0 0 0 1 0 0 64 30 0.127519
0 0 0 1 0 0 64 31 0.123264
0 0 0 1 0 0 64 32 0.118792
0 0 0 1 0 0 128 1 0.117571
0 0 0 1 0 0 128 2 0.116998
0 0 0 1 0 0 128 3 0.116054
0 0 0 1 0 0 128 4 0.114973
0 0 0 1 0 0 128 5 0.113889
0 0 0 1 0 0 128 6 0.112896
0 0 0 1 0 0 128 7 0.111844
0 0 0 1 0 0 128 8 0.110973
0 0 0 1 0 0 128 9 0.11007
0 0 0 1 0 0 128 10 0.109327
0 0 0 1 0 0 128 11 0.108549
0 0 0 1 0 0 128 12 0.107822
0 0 0 1 0 0 128 13 0.107253
0 0 0 1 0 0 128 14 0.106722
0 0 0 1 0 0 128 15 0.106189
0 0 0 1 0 0 128 16 0.105689
0 0 0 1 0 0 128 17 0.105231
0 0 0 1 0 0 128 18 0.104544
0 0 0 1 0 0 128 19 0.103811
0 0 0 1 0 0 128 20 0.103173
0 0 0 1 0 0 128 21 0.102531
0 0 0 1 0 0 128 22 0.101911
0 0 0 1 0 0 128 23 0.101236
0 0 0 1 0 0 128 24 0.100639
0 0 0 1 0 0 128 25 0.100059
0 0 0 1 0 0 128 26 0.0995073
0 0 0 1 0 0 128 27 0.0990656
0 0 0 1 0 0 128 28 0.0986784
0 0 0 1 0 0 128 29 0.098376
0 0 0 1 0 0 128 30 0.0982152
0 0 0 1 0 0 128 31 0.097989
0 0 0 1 0 0 128 32 0.0978322
0 0 0 1 0 0 128 33 0.0977837
0 0 0 1 0 0 128 34 0.0978329
0 0 0 1 0 0 128 35 0.0979382
0 0 0 1 0 0 128 36 0.0980047
0 0 0 1 0 0 128 37 0.0980222
0 0 0 1 0 0 128 38 0.0981076
0 0 0 1 0 0 128 39 0.0983412
0 0 0 1 0 0 128 40 0.0983864
0 0 0 1 0 0 128 41 0.0985263
0 0 0 1 0 0 128 42 0.0987874
0 0 0 1 0 0 128 43 0.0991626
0 0 0 1 0 0 128 44 0.0994623
0 0 0 1 0 0 128 45 0.0997859
0 0 0 1 0 0 128 46 0.100224
0 0 0 1 0 0 128 47 0.100739
0 0 0 1 0 0 128 48 0.101068
0 0 0 1 0 0 128 49 0.101321
0 0 0 1 0 0 128 50 0.101792
0 0 0 1 0 0 128 51 0.102308
0 0 0 1 0 0 128 52 0.102647
0 0 0 1 0 0 128 53 0.103035
0 0 0 1 0 0 128 54 0.103416
0 0 0 1 0 0 128 55 0.103845
0 0 0 1 0 0 128 56 0.10414
0 0 0 1 0 0 128 57 0.104438
0 0 0 1 0 0 128 58 0.104545
0 0 0 1 0 0 128 59 0.10433
0 0 0 1 0 0 128 60 0.104126
0 0 0 1 0 0 128 61 0.103471
0 0 0 1 0 0 128 62 0.102913
0 0 0 1 0 0 128 63 0.102315
0 0 0 1 0 0 128 64 0.101499
0 0 0 1 0 1 16 1 0.289943
0 0 0 1 0 1 16 2 0.291805
0 0 0 1 0 1 16 3 0.292059
0 0 0 1 0 1 16 4 0.293626
0 0 0 1 0 1 16 5 0.293685
0 0 0 1 0 1 16 6 0.293882
0 0 0 1 0 1 16 7 0.293628
0 0 0 1 0 1 16 8 0.292739
0 0 0 1 0 1 32 1 0.251538
0 0 0 1 0 1 32 2 0.253662
0 0 0 1 0 1 32 3 0.255257
0 0 0 1 0 1 32 4 0.256918
0 0 0 1 0 1 32 5 0.258456
0 0 0 1 0 1 32 6 0.259827
0 0 0 1 0 1 32 7 0.26102
0 0 0 1 0 1 32 8 0.261788
0 0 0 1 0 1 32 9 0.261917
0 0 0 1 0 1 32 10 0.261569
0 0 0 1 0 1 32 11 0.259442
0 0 0 1 0 1 32 12 0.256434
0 0 0 1 0 1 32 13 0.251663
0 0 0 1 0 1 32 14 0.246234
0 0 0 1 0 1 32 15 0.238475
0 0 0 1 0 1 32 16 0.229431
0 0 0 1 0 1 64 1 0.166662
0 0 0 1 0 1 64 2 0.168207
0 0 0 1 0 1 64 3 0.169789
0 0 0 1 0 1 64 4 0.171326
0 0 0 1 0 1 64 5 0.172818
0 0 0 1 0 1 64 6 0.174268
0 0 0 1 0 1 64 7 0.175678
0 0 0 1 0 1 64 8 0.176827
0 0 0 1 0 1 64 9 0.177853
0 0 0 1 0 1 64 10 0.178704
0 0 0 1 0 1 64 11 0.179152
0 0 0 1 0 1 64 12 0.179137
0 0 0 1 0 1 64 13 0.17906
0 0 0 1 0 1 64 14 0.178572
0 0 0 1 0 1 64 15 0.177363
0 0 0 1 0 1 64 16 0.175531
0 0 0 1 0 1 64 17 0.173441
0 0 0 1 0 1 64 18 0.170579
0 0 0 1 0 1 64 19 0.167299
0 0 0 1 0 1 64 20 0.163809
0 0 0 1 0 1 64 21 0.159591
0 0 0 1 0 1 64 22 0.154409
0 0 0 1 0 1 64 23 0.149012
0 0 0 1 0 1 64 24 0.143633
0 0 0 1 0 1 64 25 0.137828
0 0 0 1 0 1 64 26 0.132768
0 0 0 1 0 1 64 27 0.128143
0 0 0 1 0 1 64 28 0.123735
0 0 0 1 0 1 64 29 0.119167
0 0 0 1 0 1 64 30 0.115304
0 0 0 1 0 1 64 31 0.111767
0 0 0 1 0 1 64 32 0.108025
0 0 0 1 0 1 128 1 0.0984192
0 0 0 1 0 1 128 2 0.0980141
0 0 0 1 0 1 128 3 0.0973497
0 0 0 1 0 1 128 4 0.0965898
0 0 0 1 0 1 128 5 0.0958304
0 0 0 1 0 1 128 6 0.0951267
0 0 0 1 0 1 128 7 0.0943724
0 0 0 1 0 1 128 8 0.0937501
0 0 0 1 0 1 128 9 0.0930925
0 0 0 1 0 1 128 10 0.0925523
0 0 0 1 0 1 128 11 0.0919714
0 0 0 1 0 1 128 12 0.0914141
0 0 0 1 0 1 128 13 0.0909658
0 0 0 1 0 1 128 14 0.0905346
0 0 0 1 0 1 128 15 0.0900781
0 0 0 1 0 1 128 16 0.0896246
0 0 0 1 0 1 128 17 0.0891846
0 0 0 1 0 1 128 18 0.0885373
0 0 0 1 0 1 128 19 0.0878597
0 0 0 1 0 1 128 20 0.0872802
0 0 0 1 0 1 128 21 0.0867223
0 0 0 1 0 1 128 22 0.0861986
0 0 0 1 0 1 128 23 0.0856345
0 0 0 1 0 1 128 24 0.0851528
0 0 0 1 0 1 128 25 0.0847114
0 0 0 1 0 1 128 26 0.0843097
0 0 0 1 0 1 128 27 0.0839973
0 0 0 1 0 1 128 28 0.0837408
0 0 0 1 0 1 128 29 0.0835521
0 0 0 1 0 1 128 30 0.0834721
0 0 0 1 0 1 128 31 0.0833371
0 0 0 1 0 1 128 32 0.0832584
0 0 0 1 0 1 128 33 0.0832633
0 0 0 1 0 1 128 34 0.083341
0 0 0 1 0 1 128 35 0.0834644
0 0 0 1 0 1 128 36 0.0835523
0 0 0 1 0 1 128 37 0.083598
0 0 0 1 0 1 128 38 0.0836934
0 0 0 1 0 1 128 39 0.0838976
0 0 0 1 0 1 128 40 0.0839472
0 0 0 1 0 1 128 41 0.0840746
0 0 0 1 0 1 128 42 0.0842869
0 0 0 1 0 1 128 43 0.0845834
0 0 0 1 0 1 128 44 0.0847965
0 0 0 1 0 1 128 45 0.0850116
0 0 0 1 0 1 128 46 0.0853259
0 0 0 1 0 1 128 47 0.0856964
0 0 0 1 0 1 128 48 0.0859152
0 0 0 1 0 1 128 49 0.0860592
0 0 0 1 0 1 128 50 0.086369
0 0 0 1 0 1 128 51 0.0867171
0 0 0 1 0 1 128 52 0.0869226
0 0 0 1 0 1 128 53 0.0871596
0 0 0 1 0 1 128 54 0.0873909
0 0 0 1 0 1 128 55 0.0876565
0 0 0 1 0 1 128 56 0.0878119
0 0 0 1 0 1 128 57 0.0879529
0 0 0 1 0 1 128 58 0.0879516
0 0 0 1 0 1 128 59 0.087693
0 0 0 1 0 1 128 60 0.0874409
0 0 0 1 0 1 128 61 0.0868409
0 0 0 1 0 1 128 62 0.086282
0 0 0 1 0 1 128 63 0.0856669
0 0 0 1 0 1 128 64 0.0849019
0 0 0 1 1 0 16 1 0.293497
0 0 0 1 1 0 16 2 0.295309
0 0 0 1 1 0 16 3 0.295526
0 0 0 1 1 0 16 4 0.297106
0 0 0 1 1 0 16 5 0.297162
0 0 0 1 1 0 16 6 0.297364
0 0 0 1 1 0 16 7 0.296932
0 0 0 1 1 0 16 8 0.296182
0 0 0 1 1 0 32 1 0.256877
0 0 0 1 1 0 32 2 0.259115
0 0 0 1 1 0 32 3 0.260764
0 0 0 1 1 0 32 4 0.26251
0 0 0 1 1 0 32 5 0.264115
0 0 0 1 1 0 32 6 0.265563
0 0 0 1 1 0 32 7 0.266809
0 0 0 1 1 0 32 8 0.267627
0 0 0 1 1 0 32 9 0.267762
0 0 0 1 1 0 32 10 0.267401
0 0 0 1 1 0 32 11 0.265179
0 0 0 1 1 0 32 12 0.26208
0 0 0 1 1 0 32 13 0.257098
0 0 0 1 1 0 32 14 0.251388
0 0 0 1 1 0 32 15 0.243173
0 0 0 1 1 0 32 16 0.23366
0 0 0 1 1 0 64 1 0.154172
0 0 0 1 1 0 64 2 0.155496
0 0 0 1 1 0 64 3 0.156852
0 0 0 1 1 0 64 4 0.158167
0 0 0 1 1 0 64 5 0.159441
0 0 0 1 1 0 64 6 0.160678
0 0 0 1 1 0 64 7 0.161879
0 0 0 1 1 0 64 8 0.162853
0 0 0 1 1 0 64 9 0.163721
0 0 0 1 1 0 64 10 0.164438
0 0 0 1 1 0 64 11 0.164808
0 0 0 1 1 0 64 12 0.164788
0 0 0 1 1 0 64 13 0.164719
0 0 0 1 1 0 64 14 0.164304
0 0 0 1 1 0 64 15 0.163274
0 0 0 1 1 0 64 16 0.161716
0 0 0 1 1 0 64 17 0.159936
0 0 0 1 1 0 64 18 0.157502
0 0 0 1 1 0 64 19 0.154708
0 0 0 1 1 0 64 20 0.151723
0 0 0 1 1 0 64 21 0.148104
0 0 0 1 1 0 64 22 0.143625
0 0 0 1 1 0 64 23 0.138941
0 0 0 1 1 0 64 24 0.134254
0 0 0 1 1 0 64 25 0.129169
0 0 0 1 1 0 64 26 0.124722
0 0 0 1 1 0 64 27 0.120652
0 0 0 1 1 0 64 28 0.116775
0 0 0 1 1 0 64 29 0.112732
0 0 0 1 1 0 64 30 0.109272
0 0 0 1 1 0 64 31 0.106102
0 0 0 1 1 0 64 32 0.10276
0 0 0 1 1 0 128 1 0.0805581
0 0 0 1 1 0 128 2 0.0802755
0 0 0 1 1 0 128 3 0.0797012
0 0 0 1 1 0 128 4 0.0790568
0 0 0 1 1 0 128 5 0.0784034
0 0 0 1 1 0 128 6 0.0777672
0 0 0 1 1 0 128 7 0.0770409
0 0 0 1 1 0 128 8 0.0764253
0 0 0 1 1 0 128 9 0.0757194
0 0 0 1 1 0 128 10 0.0751451
0 0 0 1 1 0 128 11 0.0745109
0 0 0 1 1 0 128 12 0.0739029
0 0 0 1 1 0 128 13 0.0734117
0 0 0 1 1 0 128 14 0.0728983
0 0 0 1 1 0 128 15 0.0723203
0 0 0 1 1 0 128 16 0.0717708
0 0 0 1 1 0 128 17 0.0712725
0 0 0 1 1 0 128 18 0.0704823
0 0 0 1 1 0 128 19 0.0697943
0 0 0 1 1 0 128 20 0.0693641
0 0 0 1 1 0 128 21 0.0691458
0 0 0 1 1 0 128 22 0.0690578
0 0 0 1 1 0 128 23 0.0690205
0 0 0 1 1 0 128 24 0.0691409
0 0 0 1 1 0 128 25 0.0692138
0 0 0 1 1 0 128 26 0.0693413
0 0 0 1 1 0 128 27 0.0694395
0 0 0 1 1 0 128 28 0.0695304
0 0 0 1 1 0 128 29 0.069592
0 0 0 1 1 0 128 30 0.0696997
0 0 0 1 1 0 128 31 0.0696903
0 0 0 1 1 0 128 32 0.0696665
0 0 0 1 1 0 128 33 0.0696821
0 0 0 1 1 0 128 34 0.0697706
0 0 0 1 1 0 128 35 0.0698683
0 0 0 1 1 0 128 36 0.0699453
0 0 0 1 1 0 128 37 0.0699451
0 0 0 1 1 0 128 38 0.070027
0 0 0 1 1 0 128 39 0.0702154
0 0 0 1 1 0 128 40 0.0702581
0 0 0 1 1 0 128 41 0.0703785
0 0 0 1 1 0 128 42 0.0705739
0 0 0 1 1 0 128 43 0.0708329
0 0 0 1 1 0 128 44 0.0709653
0 0 0 1 1 0 128 45 0.0710794
0 0 0 1 1 0 128 46 0.0713131
0 0 0 1 1 0 128 47 0.0716036
0 0 0 1 1 0 128 48 0.0717419
0 0 0 1 1 0 128 49 0.0717739
0 0 0 1 1 0 128 50 0.0719756
0 0 0 1 1 0 128 51 0.0722293
0 0 0 1 1 0 128 52 0.0723708
0 0 0 1 1 0 128 53 0.0725438
0 0 0 1 1 0 128 54 0.0727524
0 0 0 1 1 0 128 55 0.0729943
0 0 0 1 1 0 128 56 0.0731442
0 0 0 1 1 0 128 57 0.0733424
0 0 0 1 1 0 128 58 0.0736234
0 0 0 1 1 0 128 59 0.0738955
0 0 0 1 1 0 128 60 0.0743626
0 0 0 1 1 0 128 61 0.0749762
0 0 0 1 1 0 128 62 0.0756649
0 0 0 1 1 0 128 63 0.0765027
0 0 0 1 1 0 128 64 0.0774364
0 0 1 0 0 0 16 1 0.291821
0 0 1 0 0 0 16 2 0.29368
0 0 1 0 0 0 16 3 0.288358
0 0 1 0 0 0 16 4 0.29482
0 0 1 0 0 0 16 5 0.287102
0 0 1 0 0 0 16 6 0.287627
0 0 1 0 0 0 16 7 0.288074
0 0 1 0 0 0 16 8 0.274865
0 0 1 0 0 0 32 1 0.260454
0 0 1 0 0 0 32 2 0.262793
0 0 1 0 0 0 32 3 0.264438
0 0 1 0 0 0 32 4 0.266445
0 0 1 0 0 0 32 5 0.267641
0 0 1 0 0 0 32 6 0.267893
0 0 1 0 0 0 32 7 0.269674
0 0 1 0 0 0 32 8 0.267384
0 0 1 0 0 0 32 9 0.261843
0 0 1 0 0 0 32 10 0.245673
0 0 1 0 0 0 32 11 0.218051
0 0 1 0 0 0 32 12 0.200199
0 0 1 0 0 0 32 13 0.180808
0 0 1 0 0 0 32 14 0.17169
0 0 1 0 0 0 32 15 0.151689
0 0 1 0 0 0 32 16 0.147292
0 0 1 0 0 0 64 1 0.193323
0 0 1 0 0 0 64 2 0.195376
0 0 1 0 0 0 64 3 0.197531
0 0 1 0 0 0 64 4 0.199615
0 0 1 0 0 0 64 5 0.201652
0 0 1 0 0 0 64 6 0.20339
0 0 1 0 0 0 64 7 0.20523
0 0 1 0 0 0 64 8 0.204682
0 0 1 0 0 0 64 9 0.204778
0 0 1 0 0 0 64 10 0.204126
0 0 1 0 0 0 64 11 0.202539
0 0 1 0 0 0 64 12 0.202229
0 0 1 0 0 0 64 13 0.201299
0 0 1 0 0 0 64 14 0.201251
0 0 1 0 0 0 64 15 0.199427
0 0 1 0 0 0 64 16 0.194794
0 0 1 0 0 0 64 17 0.191213
0 0 1 0 0 0 64 18 0.187037
0 0 1 0 0 0 64 19 0.182911
0 0 1 0 0 0 64 20 0.178083
0 0 1 0 0 0 64 21 0.175815
0 0 1 0 0 0 64 22 0.166772
0 0 1 0 0 0 64 23 0.158501
0 0 1 0 0 0 64 24 0.150481
0 0 1 0 0 0 64 25 0.147048
0 0 1 0 0 0 64 26 0.144297
0 0 1 0 0 0 64 27 0.14278
0 0 1 0 0 0 64 28 0.143899
0 0 1 0 0 0 64 29 0.143649
0 0 1 0 0 0 64 30 0.14203
0 0 1 0 0 0 64 31 0.133283
0 0 1 0 0 0 64 32 0.122484
0 0 1 0 0 0 128 1 0.117571
0 0 1 0 0 0 128 2 0.116998
0 0 1 0 0 0 128 3 0.115974
0 0 1 0 0 0 128 4 0.114917
0 0 1 0 0 0 128 5 0.1138
0 0 1 0 0 0 128 6 0.112721
0 0 1 0 0 0 128 7 0.111603
0 0 1 0 0 0 128 8 0.110947
0 0 1 0 0 0 128 9 0.110424
0 0 1 0 0 0 128 10 0.110786
0 0 1 0 0 0 128 11 0.110728
0 0 1 0 0 0 128 12 0.110366
0 0 1 0 0 0 128 13 0.111162
0 0 1 0 0 0 128 14 0.112299
0 0 1 0 0 0 128 15 0.112199
0 0 1 0 0 0 128 16 0.112377
0 0 1 0 0 0 128 17 0.112533
0 0 1 0 0 0 128 18 0.113087
0 0 1 0 0 0 128 19 0.113781
0 0 1 0 0 0 128 20 0.115597
0 0 1 0 0 0 128 21 0.11802
0 0 1 0 0 0 128 22 0.120341
0 0 1 0 0 0 128 23 0.122636
0 0 1 0 0 0 128 24 0.124919
0 0 1 0 0 0 128 25 0.127186
0 0 1 0 0 0 128 26 0.12941
0 0 1 0 0 0 128 27 0.131547
0 0 1 0 0 0 128 28 0.134364
0 0 1 0 0 0 128 29 0.137423
0 0 1 0 0 0 128 30 0.141266
0 0 1 0 0 0 128 31 0.145553
0 0 1 0 0 0 128 32 0.149127
0 0 1 0 0 0 128 33 0.153226
0 0 1 0 0 0 128 34 0.156697
0 0 1 0 0 0 128 35 0.161874
0 0 1 0 0 0 128 36 0.165861
0 0 1 0 0 0 128 37 0.170254
0 0 1 0 0 0 128 38 0.176155
0 0 1 0 0 0 128 39 0.183499
0 0 1 0 0 0 128 40 0.187524
0 0 1 0 0 0 128 41 0.191648
0 0 1 0 0 0 128 42 0.196404
0 0 1 0 0 0 128 43 0.20278
0 0 1 0 0 0 128 44 0.213163
0 0 1 0 0 0 128 45 0.221966
0 0 1 0 0 0 128 46 0.228262
0 0 1 0 0 0 128 47 0.230986
0 0 1 0 0 0 128 48 0.23077
0 0 1 0 0 0 128 49 0.231404
0 0 1 0 0 0 128 50 0.231244
0 0 1 0 0 0 128 51 0.231397
0 0 1 0 0 0 128 52 0.231135
0 0 1 0 0 0 128 53 0.229532
0 0 1 0 0 0 128 54 0.224985
0 0 1 0 0 0 128 55 0.21713
0 0 1 0 0 0 128 56 0.20683
0 0 1 0 0 0 128 57 0.197762
0 0 1 0 0 0 128 58 0.188772
0 0 1 0 0 0 128 59 0.180434
0 0 1 0 0 0 128 60 0.173022
0 0 1 0 0 0 128 61 0.171962
0 0 1 0 0 0 128 62 0.165976
0 0 1 0 0 0 128 63 0.16251
0 0 1 0 0 0 128 64 0.179672
0 0 0 0 0 0 16 1 0.291821
0 0 0 0 0 0 16 2 0.282024
0 0 0 0 0 0 16 3 0.27557
0 0 0 0 0 0 16 4 0.278072
0 0 0 0 0 0 16 5 0.266075
0 0 0 0 0 0 16 6 0.256892
0 0 0 0 0 0 16 7 0.212432
0 0 0 0 0 0 16 8 0.151074
0 0 0 0 0 0 32 1 0.260454
0 0 0 0 0 0 32 2 0.262324
0 0 0 0 0 0 32 3 0.264129
0 0 0 0 0 0 32 4 0.265033
0 0 0 0 0 0 32 5 0.2645
0 0 0 0 0 0 32 6 0.252395
0 0 0 0 0 0 32 7 0.242997
0 0 0 0 0 0 32 8 0.233122
0 0 0 0 0 0 32 9 0.22128
0 0 0 0 0 0 32 10 0.196883
0 0 0 0 0 0 32 11 0.18232
0 0 0 0 0 0 32 12 0.168747
0 0 0 0 0 0 32 13 0.158473
0 0 0 0 0 0 32 14 0.143499
0 0 0 0 0 0 32 15 0.121891
0 0 0 0 0 0 32 16 0.10667
0 0 0 0 0 0 64 1 0.193323
0 0 0 0 0 0 64 2 0.195349
0 0 0 0 0 0 64 3 0.19751
0 0 0 0 0 0 64 4 0.199668
0 0 0 0 0 0 64 5 0.201908
0 0 0 0 0 0 64 6 0.203704
0 0 0 0 0 0 64 7 0.205531
0 0 0 0 0 0 64 8 0.204972
0 0 0 0 0 0 64 9 0.205077
0 0 0 0 0 0 64 10 0.204444
0 0 0 0 0 0 64 11 0.202847
0 0 0 0 0 0 64 12 0.202394
0 0 0 0 0 0 64 13 0.201227
0 0 0 0 0 0 64 14 0.20107
0 0 0 0 0 0 64 15 0.199331
0 0 0 0 0 0 64 16 0.194216
0 0 0 0 0 0 64 17 0.190239
0 0 0 0 0 0 64 18 0.185826
0 0 0 0 0 0 64 19 0.18155
0 0 0 0 0 0 64 20 0.176773
0 0 0 0 0 0 64 21 0.173765
0 0 0 0 0 0 64 22 0.163614
0 0 0 0 0 0 64 23 0.153554
0 0 0 0 0 0 64 24 0.138246
0 0 0 0 0 0 64 25 0.123925
0 0 0 0 0 0 64 26 0.119828
0 0 0 0 0 0 64 27 0.115534
0 0 0 0 0 0 64 28 0.112433
0 0 0 0 0 0 64 29 0.105947
0 0 0 0 0 0 64 30 0.0982453
0 0 0 0 0 0 64 31 0.0900459
0 0 0 0 0 0 64 32 0.0921028
0 0 0 0 0 0 128 1 0.117571
0 0 0 0 0 0 128 2 0.117018
0 0 0 0 0 0 128 3 0.116026
0 0 0 0 0 0 128 4 0.114761
0 0 0 0 0 0 128 5 0.113556
0 0 0 0 0 0 128 6 0.11237
0 0 0 0 0 0 128 7 0.111236
0 0 0 0 0 0 128 8 0.110709
0 0 0 0 0 0 128 9 0.110196
0 0 0 0 0 0 128 10 0.110789
0 0 0 0 0 0 128 11 0.110847
0 0 0 0 0 0 128 12 0.110598
0 0 0 0 0 0 128 13 0.111622
0 0 0 0 0 0 128 14 0.112939
0 0 0 0 0 0 128 15 0.112541
0 0 0 0 0 0 128 16 0.112259
0 0 0 0 0 0 128 17 0.111601
0 0 0 0 0 0 128 18 0.111266
0 0 0 0 0 0 128 19 0.111483
0 0 0 0 0 0 128 20 0.113226
0 0 0 0 0 0 128 21 0.115755
0 0 0 0 0 0 128 22 0.118392
0 0 0 0 0 0 128 23 0.12103
0 0 0 0 0 0 128 24 0.12397
0 0 0 0 0 0 128 25 0.126771
0 0 0 0 0 0 128 26 0.129611
0 0 0 0 0 0 128 27 0.131712
0 0 0 0 0 0 128 28 0.134506
0 0 0 0 0 0 128 29 0.137554
0 0 0 0 0 0 128 30 0.141713
0 0 0 0 0 0 128 31 0.146388
0 0 0 0 0 0 128 32 0.150402
0 0 0 0 0 0 128 33 0.155043
0 0 0 0 0 0 128 34 0.158882
0 0 0 0 0 0 128 35 0.164826
0 0 0 0 0 0 128 36 0.168933
0 0 0 0 0 0 128 37 0.172929
0 0 0 0 0 0 128 38 0.178129
0 0 0 0 0 0 128 39 0.183978
0 0 0 0 0 0 128 40 0.18595
0 0 0 0 0 0 128 41 0.187852
0 0 0 0 0 0 128 42 0.190321
0 0 0 0 0 0 128 43 0.195783
0 0 0 0 0 0 128 44 0.204545
0 0 0 0 0 0 128 45 0.20319
0 0 0 0 0 0 128 46 0.199595
0 0 0 0 0 0 128 47 0.199618
0 0 0 0 0 0 128 48 0.198203
0 0 0 0 0 0 128 49 0.197569
0 0 0 0 0 0 128 50 0.197291
0 0 0 0 0 0 128 51 0.197492
0 0 0 0 0 0 128 52 0.198025
0 0 0 0 0 0 128 53 0.196083
0 0 0 0 0 0 128 54 0.191981
0 0 0 0 0 0 128 55 0.184228
0 0 0 0 0 0 128 56 0.170941
0 0 0 0 0 0 128 57 0.157825
0 0 0 0 0 0 128 58 0.147065
0 0 0 0 0 0 128 59 0.124294
0 0 0 0 0 0 128 60 0.119602
0 0 0 0 0 0 128 61 0.115957
0 0 0 0 0 0 128 62 0.110044
0 0 0 0 0 0 128 63 0.102738
0 0 0 0 0 0 128 64 0.0847591
1 1 1 0 1 1 16 1 0.290853
1 1 1 0 1 1 16 2 0.292705
1 1 1 0 1 1 16 3 0.29292
1 1 1 0 1 1 16 4 0.294513
1 1 1 0 1 1 16 5 0.294595
1 1 1 0 1 1 16 6 0.294794
1 1 1 0 1 1 16 7 0.294408
1 1 1 0 1 1 16 8 0.293413
1 1 1 0 1 1 32 1 0.249317
1 1 1 0 1 1 32 2 0.251362
1 1 1 0 1 1 32 3 0.252923
1 1 1 0 1 1 32 4 0.254585
1 1 1 0 1 1 32 5 0.256171
1 1 1 0 1 1 32 6 0.257532
1 1 1 0 1 1 32 7 0.258622
1 1 1 0 1 1 32 8 0.259246
1 1 1 0 1 1 32 9 0.259321
1 1 1 0 1 1 32 10 0.259066
1 1 1 0 1 1 32 11 0.256931
1 1 1 0 1 1 32 12 0.253925
1 1 1 0 1 1 32 13 0.249212
1 1 1 0 1 1 32 14 0.243716
1 1 1 0 1 1 32 15 0.235997
1 1 1 0 1 1 32 16 0.227134
1 1 1 0 1 1 64 1 0.1371
1 1 1 0 1 1 64 2 0.138152
1 1 1 0 1 1 64 3 0.139232
1 1 1 0 1 1 64 4 0.140254
1 1 1 0 1 1 64 5 0.141263
1 1 1 0 1 1 64 6 0.142238
1 1 1 0 1 1 64 7 0.143189
1 1 1 0 1 1 64 8 0.144008
1 1 1 0 1 1 64 9 0.144758
1 1 1 0 1 1 64 10 0.145416
1 1 1 0 1 1 64 11 0.145886
1 1 1 0 1 1 64 12 0.146125
1 1 1 0 1 1 64 13 0.146299
1 1 1 0 1 1 64 14 0.146215
1 1 1 0 1 1 64 15 0.145728
1 1 1 0 1 1 64 16 0.144899
1 1 1 0 1 1 64 17 0.143849
1 1 1 0 1 1 64 18 0.142254
1 1 1 0 1 1 64 19 0.140343
1 1 1 0 1 1 64 20 0.138278
1 1 1 0 1 1 64 21 0.135692
1 1 1 0 1 1 64 22 0.132401
1 1 1 0 1 1 64 23 0.128845
1 1 1 0 1 1 64 24 0.125047
1 1 1 0 1 1 64 25 0.120946
1 1 1 0 1 1 64 26 0.117433
1 1 1 0 1 1 64 27 0.114009
1 1 1 0 1 1 64 28 0.110672
1 1 1 0 1 1 64 29 0.107102
1 1 1 0 1 1 64 30 0.103948
1 1 1 0 1 1 64 31 0.100995
1 1 1 0 1 1 64 32 0.0979272
1 1 1 0 1 1 128 1 0.0686231
1 1 1 0 1 1 128 2 0.0682865
1 1 1 0 1 1 128 3 0.0676022
1 1 1 0 1 1 128 4 0.0668328
1 1 1 0 1 1 128 5 0.0659863
1 1 1 0 1 1 128 6 0.0650688
1 1 1 0 1 1 128 7 0.0640227
1 1 1 0 1 1 128 8 0.0629902
1 1 1 0 1 1 128 9 0.0617939
1 1 1 0 1 1 128 10 0.060746
1 1 1 0 1 1 128 11 0.0595736
1 1 1 0 1 1 128 12 0.0586325
1 1 1 0 1 1 128 13 0.0584223
1 1 1 0 1 1 128 14 0.0588141
1 1 1 0 1 1 128 15 0.0593202
1 1 1 0 1 1 128 16 0.0600496
1 1 1 0 1 1 128 17 0.0609669
1 1 1 0 1 1 128 18 0.0619768
1 1 1 0 1 1 128 19 0.0630658
1 1 1 0 1 1 128 20 0.0643147
1 1 1 0 1 1 128 21 0.0655316
1 1 1 0 1 1 128 22 0.0666102
1 1 1 0 1 1 128 23 0.0675449
1 1 1 0 1 1 128 24 0.0684378
1 1 1 0 1 1 128 25 0.0692784
1 1 1 0 1 1 128 26 0.0700746
1 1 1 0 1 1 128 27 0.0708127
1 1 1 0 1 1 128 28 0.0715251
1 1 1 0 1 1 128 29 0.0722265
1 1 1 0 1 1 128 30 0.0729092
1 1 1 0 1 1 128 31 0.0735948
1 1 1 0 1 1 128 32 0.0742574
1 1 1 0 1 1 128 33 0.0748932
1 1 1 0 1 1 128 34 0.0755018
1 1 1 0 1 1 128 35 0.0761324
1 1 1 0 1 1 128 36 0.0767043
1 1 1 0 1 1 128 37 0.0772476
1 1 1 0 1 1 128 38 0.0777777
1 1 1 0 1 1 128 39 0.0783005
1 1 1 0 1 1 128 40 0.0787512
1 1 1 0 1 1 128 41 0.0792147
1 1 1 0 1 1 128 42 0.0796835
1 1 1 0 1 1 128 43 0.080154
1 1 1 0 1 1 128 44 0.0805362
1 1 1 0 1 1 128 45 0.0808723
1 1 1 0 1 1 128 46 0.0813013
1 1 1 0 1 1 128 47 0.0817939
1 1 1 0 1 1 128 48 0.0821816
1 1 1 0 1 1 128 49 0.0824949
1 1 1 0 1 1 128 50 0.082872
1 1 1 0 1 1 128 51 0.0832617
1 1 1 0 1 1 128 52 0.0835407
1 1 1 0 1 1 128 53 0.0838305
1 1 1 0 1 1 128 54 0.0841064
1 1 1 0 1 1 128 55 0.0844052
1 1 1 0 1 1 128 56 0.0845964
1 1 1 0 1 1 128 57 0.0847672
1 1 1 0 1 1 128 58 0.0848346
1 1 1 0 1 1 128 59 0.0846975
1 1 1 0 1 1 128 60 0.0845476
1 1 1 0 1 1 128 61 0.0841634
1 1 1 0 1 1 128 62 0.0836821
1 1 1 0 1 1 128 63 0.0832459
1 1 1 0 1 1 128 64 0.0827328
0 0 0 0 0 0 16 1 0.291821
0 0 0 0 0 0 16 2 0.29284
0 0 0 0 0 0 16 3 0.292685
0 0 0 0 0 0 16 4 0.293922
0 0 0 0 0 0 16 5 0.291685
0 0 0 0 0 0 16 6 0.286274
0 0 0 0 0 0 16 7 0.278277
0 0 0 0 0 0 16 8 0.260569
0 0 0 0 0 0 32 1 0.260454
0 0 0 0 0 0 32 2 0.262671
0 0 0 0 0 0 32 3 0.264372
0 0 0 0 0 0 32 4 0.265726
0 0 0 0 0 0 32 5 0.266942
0 0 0 0 0 0 32 6 0.267985
0 0 0 0 0 0 32 7 0.269188
0 0 0 0 0 0 32 8 0.268597
0 0 0 0 0 0 32 9 0.26253
0 0 0 0 0 0 32 10 0.255711
0 0 0 0 0 0 32 11 0.247626
0 0 0 0 0 0 32 12 0.238693
0 0 0 0 0 0 32 13 0.230262
0 0 0 0 0 0 32 14 0.221364
0 0 0 0 0 0 32 15 0.211069
0 0 0 0 0 0 32 16 0.195669
0 0 0 0 0 0 64 1 0.193323
0 0 0 0 0 0 64 2 0.19537
0 0 0 0 0 0 64 3 0.197535
0 0 0 0 0 0 64 4 0.199597
0 0 0 0 0 0 64 5 0.201639
0 0 0 0 0 0 64 6 0.20364
0 0 0 0 0 0 64 7 0.205569
0 0 0 0 0 0 64 8 0.207269
0 0 0 0 0 0 64 9 0.20887
0 0 0 0 0 0 64 10 0.210298
0 0 0 0 0 0 64 11 0.211282
0 0 0 0 0 0 64 12 0.211706
0 0 0 0 0 0 64 13 0.21195
0 0 0 0 0 0 64 14 0.211694
0 0 0 0 0 0 64 15 0.210725
0 0 0 0 0 0 64 16 0.208914
0 0 0 0 0 0 64 17 0.206574
0 0 0 0 0 0 64 18 0.203207
0 0 0 0 0 0 64 19 0.199266
0 0 0 0 0 0 64 20 0.194946
0 0 0 0 0 0 64 21 0.189704
0 0 0 0 0 0 64 22 0.183075
0 0 0 0 0 0 64 23 0.17653
0 0 0 0 0 0 64 24 0.1694
0 0 0 0 0 0 64 25 0.161343
0 0 0 0 0 0 64 26 0.154816
0 0 0 0 0 0 64 27 0.148747
0 0 0 0 0 0 64 28 0.142525
0 0 0 0 0 0 64 29 0.136401
0 0 0 0 0 0 64 30 0.131181
0 0 0 0 0 0 64 31 0.126371
0 0 0 0 0 0 64 32 0.121722
0 0 0 0 0 0 128 1 0.117571
0 0 0 0 0 0 128 2 0.117009
0 0 0 0 0 0 128 3 0.116076
0 0 0 0 0 0 128 4 0.114994
0 0 0 0 0 0 128 5 0.113893
0 0 0 0 0 0 128 6 0.11278
0 0 0 0 0 0 128 7 0.111665
0 0 0 0 0 0 128 8 0.110793
0 0 0 0 0 0 128 9 0.109914
0 0 0 0 0 0 128 10 0.109373
0 0 0 0 0 0 128 11 0.108758
0 0 0 0 0 0 128 12 0.108357
0 0 0 0 0 0 128 13 0.108465
0 0 0 0 0 0 128 14 0.108762
0 0 0 0 0 0 128 15 0.108888
0 0 0 0 0 0 128 16 0.108986
0 0 0 0 0 0 128 17 0.109121
0 0 0 0 0 0 128 18 0.109358
0 0 0 0 0 0 128 19 0.109627
0 0 0 0 0 0 128 20 0.11039
0 0 0 0 0 0 128 21 0.111341
0 0 0 0 0 0 128 22 0.112623
0 0 0 0 0 0 128 23 0.113802
0 0 0 0 0 0 128 24 0.115069
0 0 0 0 0 0 128 25 0.116377
0 0 0 0 0 0 128 26 0.117671
0 0 0 0 0 0 128 27 0.118791
0 0 0 0 0 0 128 28 0.120012
0 0 0 0 0 0 128 29 0.121247
0 0 0 0 0 0 128 30 0.122546
0 0 0 0 0 0 128 31 0.123906
0 0 0 0 0 0 128 32 0.125293
0 0 0 0 0 0 128 33 0.12664
0 0 0 0 0 0 128 34 0.127895
0 0 0 0 0 0 128 35 0.129281
0 0 0 0 0 0 128 36 0.130589
0 0 0 0 0 0 128 37 0.131817
0 0 0 0 0 0 128 38 0.133013
0 0 0 0 0 0 128 39 0.134233
0 0 0 0 0 0 128 40 0.135292
0 0 0 0 0 0 128 41 0.136321
0 0 0 0 0 0 128 42 0.137382
0 0 0 0 0 0 128 43 0.138477
0 0 0 0 0 0 128 44 0.13935
0 0 0 0 0 0 128 45 0.140113
0 0 0 0 0 0 128 46 0.141121
0 0 0 0 0 0 128 47 0.142419
0 0 0 0 0 0 128 48 0.143341
0 0 0 0 0 0 128 49 0.144018
0 0 0 0 0 0 128 50 0.144782
0 0 0 0 0 0 128 51 0.14557
0 0 0 0 0 0 128 52 0.146011
0 0 0 0 0 0 128 53 0.146494
0 0 0 0 0 0 128 54 0.146807
0 0 0 0 0 0 128 55 0.147373
0 0 0 0 0 0 128 56 0.147538
0 0 0 0 0 0 128 57 0.147512
0 0 0 0 0 0 128 58 0.147192
0 0 0 0 0 0 128 59 0.14648
0 0 0 0 0 0 128 60 0.145609
0 0 0 0 0 0 128 61 0.144036
0 0 0 0 0 0 128 62 0.142511
0 0 0 0 0 0 128 63 0.141084
0 0 0 0 0 0 128 64 0.139351
0 0 0 0 0 0 16 1 0.291821
0 0 0 0 0 0 16 2 0.29368
0 0 0 0 0 0 16 3 0.293934
0 0 0 0 0 0 16 4 0.295482
0 0 0 0 0 0 16 5 0.295547
0 0 0 0 0 0 16 6 0.295728
0 0 0 0 0 0 16 7 0.295124
0 0 0 0 0 0 16 8 0.294226
0 0 0 0 0 0 32 1 0.260454
0 0 0 0 0 0 32 2 0.262793
0 0 0 0 0 0 32 3 0.2645
0 0 0 0 0 0 32 4 0.266233
0 0 0 0 0 0 32 5 0.267963
0 0 0 0 0 0 32 6 0.26944
0 0 0 0 0 0 32 7 0.270677
0 0 0 0 0 0 32 8 0.271449
0 0 0 0 0 0 32 9 0.271576
0 0 0 0 0 0 32 10 0.271232
0 0 0 0 0 0 32 11 0.268959
0 0 0 0 0 0 32 12 0.265633
0 0 0 0 0 0 32 13 0.260317
0 0 0 0 0 0 32 14 0.254427
0 0 0 0 0 0 32 15 0.246053
0 0 0 0 0 0 32 16 0.236612
0 0 0 0 0 0 64 1 0.193323
0 0 0 0 0 0 64 2 0.195376
0 0 0 0 0 0 64 3 0.197532
0 0 0 0 0 0 64 4 0.199587
0 0 0 0 0 0 64 5 0.201619
0 0 0 0 0 0 64 6 0.203601
0 0 0 0 0 0 64 7 0.205545
0 0 0 0 0 0 64 8 0.207235
0 0 0 0 0 0 64 9 0.208788
0 0 0 0 0 0 64 10 0.210154
0 0 0 0 0 0 64 11 0.211129
0 0 0 0 0 0 64 12 0.211611
0 0 0 0 0 0 64 13 0.211947
0 0 0 0 0 0 64 14 0.211752
0 0 0 0 0 0 64 15 0.210783
0 0 0 0 0 0 64 16 0.209115
0 0 0 0 0 0 64 17 0.206977
0 0 0 0 0 0 64 18 0.203729
0 0 0 0 0 0 64 19 0.199849
0 0 0 0 0 0 64 20 0.195606
0 0 0 0 0 0 64 21 0.190411
0 0 0 0 0 0 64 22 0.183909
0 0 0 0 0 0 64 23 0.177147
0 0 0 0 0 0 64 24 0.170029
0 0 0 0 0 0 64 25 0.162536
0 0 0 0 0 0 64 26 0.156103
0 0 0 0 0 0 64 27 0.150009
0 0 0 0 0 0 64 28 0.144098
0 0 0 0 0 0 64 29 0.138021
0 0 0 0 0 0 64 30 0.132872
0 0 0 0 0 0 64 31 0.128272
0 0 0 0 0 0 64 32 0.123681
0 0 0 0 0 0 128 1 0.117571
0 0 0 0 0 0 128 2 0.116998
0 0 0 0 0 0 128 3 0.116035
0 0 0 0 0 0 128 4 0.11496
0 0 0 0 0 0 128 5 0.113883
0 0 0 0 0 0 128 6 0.112886
0 0 0 0 0 0 128 7 0.11183
0 0 0 0 0 0 128 8 0.111003
0 0 0 0 0 0 128 9 0.110156
0 0 0 0 0 0 128 10 0.109599
0 0 0 0 0 0 128 11 0.108978
0 0 0 0 0 0 128 12 0.108539
0 0 0 0 0 0 128 13 0.108551
0 0 0 0 0 0 128 14 0.108755
0 0 0 0 0 0 128 15 0.108846
0 0 0 0 0 0 128 16 0.108984
0 0 0 0 0 0 128 17 0.109229
0 0 0 0 0 0 128 18 0.109603
0 0 0 0 0 0 128 19 0.110036
0 0 0 0 0 0 128 20 0.110923
0 0 0 0 0 0 128 21 0.111983
0 0 0 0 0 0 128 22 0.113265
0 0 0 0 0 0 128 23 0.114448
0 0 0 0 0 0 128 24 0.115694
0 0 0 0 0 0 128 25 0.116961
0 0 0 0 0 0 128 26 0.118226
0 0 0 0 0 0 128 27 0.119351
0 0 0 0 0 0 128 28 0.120572
0 0 0 0 0 0 128 29 0.121793
0 0 0 0 0 0 128 30 0.123041
0 0 0 0 0 0 128 31 0.124335
0 0 0 0 0 0 128 32 0.125622
0 0 0 0 0 0 128 33 0.126891
0 0 0 0 0 0 128 34 0.12811
0 0 0 0 0 0 128 35 0.129425
0 0 0 0 0 0 128 36 0.130659
0 0 0 0 0 0 128 37 0.131853
0 0 0 0 0 0 128 38 0.13306
0 0 0 0 0 0 128 39 0.134288
0 0 0 0 0 0 128 40 0.13538
0 0 0 0 0 0 128 41 0.136507
0 0 0 0 0 0 128 42 0.137716
0 0 0 0 0 0 128 43 0.138964
0 0 0 0 0 0 128 44 0.140119
0 0 0 0 0 0 128 45 0.141259
0 0 0 0 0 0 128 46 0.142575
0 0 0 0 0 0 128 47 0.144116
0 0 0 0 0 0 128 48 0.145384
0 0 0 0 0 0 128 49 0.146564
0 0 0 0 0 0 128 50 0.147898
0 0 0 0 0 0 128 51 0.149249
0 0 0 0 0 0 128 52 0.150321
0 0 0 0 0 0 128 53 0.151438
0 0 0 0 0 0 128 54 0.152454
0 0 0 0 0 0 128 55 0.153685
0 0 0 0 0 0 128 56 0.154603
0 0 0 0 0 0 128 57 0.155537
0 0 0 0 0 0 128 58 0.156202
0 0 0 0 0 0 128 59 0.156509
0 0 0 0 0 0 128 60 0.156694
0 0 0 0 0 0 128 61 0.15645
0 0 0 0 0 0 128 62 0.156184
0 0 0 0 0 0 128 63 0.156438
0 0 0 0 0 0 128 64 0.156691
0 0 0 0 0 1 16 1 0.289943
0 0 0 0 0 1 16 2 0.291805
0 0 0 0 0 1 16 3 0.292046
0 0 0 0 0 1 16 4 0.293608
0 0 0 0 0 1 16 5 0.293678
0 0 0 0 0 1 16 6 0.293871
0 0 0 0 0 1 16 7 0.293474
0 0 0 0 0 1 16 8 0.292495
0 0 0 0 0 1 32 1 0.251538
0 0 0 0 0 1 32 2 0.253662
0 0 0 0 0 1 32 3 0.255254
0 0 0 0 0 1 32 4 0.256915
0 0 0 0 0 1 32 5 0.25853
0 0 0 0 0 1 32 6 0.259919
0 0 0 0 0 1 32 7 0.261049
0 0 0 0 0 1 32 8 0.261721
0 0 0 0 0 1 32 9 0.261827
0 0 0 0 0 1 32 10 0.261552
0 0 0 0 0 1 32 11 0.259402
0 0 0 0 0 1 32 12 0.256331
0 0 0 0 0 1 32 13 0.251472
0 0 0 0 0 1 32 14 0.245938
0 0 0 0 0 1 32 15 0.238107
0 0 0 0 0 1 32 16 0.229149
0 0 0 0 0 1 64 1 0.166662
0 0 0 0 0 1 64 2 0.168207
0 0 0 0 0 1 64 3 0.169809
0 0 0 0 0 1 64 4 0.17133
0 0 0 0 0 1 64 5 0.172834
0 0 0 0 0 1 64 6 0.174293
0 0 0 0 0 1 64 7 0.175721
0 0 0 0 0 1 64 8 0.176957
0 0 0 0 0 1 64 9 0.178091
0 0 0 0 0 1 64 10 0.179088
0 0 0 0 0 1 64 11 0.1798
0 0 0 0 0 1 64 12 0.180159
0 0 0 0 0 1 64 13 0.180416
0 0 0 0 0 1 64 14 0.180282
0 0 0 0 0 1 64 15 0.179558
0 0 0 0 0 1 64 16 0.17832
0 0 0 0 0 1 64 17 0.176746
0 0 0 0 0 1 64 18 0.174356
0 0 0 0 0 1 64 19 0.171497
0 0 0 0 0 1 64 20 0.168395
0 0 0 0 0 1 64 21 0.164553
0 0 0 0 0 1 64 22 0.159707
0 0 0 0 0 1 64 23 0.15456
0 0 0 0 0 1 64 24 0.149108
0 0 0 0 0 1 64 25 0.1433
0 0 0 0 0 1 64 26 0.138321
0 0 0 0 0 1 64 27 0.133536
0 0 0 0 0 1 64 28 0.128891
0 0 0 0 0 1 64 29 0.124026
0 0 0 0 0 1 64 30 0.11983
0 0 0 0 0 1 64 31 0.115978
0 0 0 0 0 1 64 32 0.112041
0 0 0 0 0 1 128 1 0.0984192
0 0 0 0 0 1 128 2 0.0980141
0 0 0 0 0 1 128 3 0.0973365
0 0 0 0 0 1 128 4 0.0965813
0 0 0 0 0 1 128 5 0.0958274
0 0 0 0 0 1 128 6 0.0951224
0 0 0 0 0 1 128 7 0.0943638
0 0 0 0 0 1 128 8 0.0937749
0 0 0 0 0 1 128 9 0.0931575
0 0 0 0 0 1 128 10 0.0927582
0 0 0 0 0 1 128 11 0.0923019
0 0 0 0 0 1 128 12 0.0919763
0 0 0 0 0 1 128 13 0.0919867
0 0 0 0 0 1 128 14 0.0921443
0 0 0 0 0 1 128 15 0.0921999
0 0 0 0 0 1 128 16 0.0922718
0 0 0 0 0 1 128 17 0.0924068
0 0 0 0 0 1 128 18 0.0926229
0 0 0 0 0 1 128 19 0.0928833
0 0 0 0 0 1 128 20 0.0935069
0 0 0 0 0 1 128 21 0.0942806
0 0 0 0 0 1 128 22 0.0952213
0 0 0 0 0 1 128 23 0.096079
0 0 0 0 0 1 128 24 0.0969948
0 0 0 0 0 1 128 25 0.0979236
0 0 0 0 0 1 128 26 0.0988548
0 0 0 0 0 1 128 27 0.0996786
0 0 0 0 0 1 128 28 0.100566
0 0 0 0 0 1 128 29 0.101451
0 0 0 0 0 1 128 30 0.102351
0 0 0 0 0 1 128 31 0.10328
0 0 0 0 0 1 128 32 0.104201
0 0 0 0 0 1 128 33 0.105104
0 0 0 0 0 1 128 34 0.105966
0 0 0 0 0 1 128 35 0.10689
0 0 0 0 0 1 128 36 0.107748
0 0 0 0 0 1 128 37 0.108574
0 0 0 0 0 1 128 38 0.109403
0 0 0 0 0 1 128 39 0.11024
0 0 0 0 0 1 128 40 0.11098
0 0 0 0 0 1 128 41 0.111744
0 0 0 0 0 1 128 42 0.112556
0 0 0 0 0 1 128 43 0.11339
0 0 0 0 0 1 128 44 0.114147
0 0 0 0 0 1 128 45 0.114883
0 0 0 0 0 1 128 46 0.115742
0 0 0 0 0 1 128 47 0.116751
0 0 0 0 0 1 128 48 0.117579
0 0 0 0 0 1 128 49 0.11834
0 0 0 0 0 1 128 50 0.119206
0 0 0 0 0 1 128 51 0.120088
0 0 0 0 0 1 128 52 0.120782
0 0 0 0 0 1 128 53 0.121511
0 0 0 0 0 1 128 54 0.122183
0 0 0 0 0 1 128 55 0.123004
0 0 0 0 0 1 128 56 0.123636
0 0 0 0 0 1 128 57 0.124281
0 0 0 0 0 1 128 58 0.124747
0 0 0 0 0 1 128 59 0.124985
0 0 0 0 0 1 128 60 0.125156
0 0 0 0 0 1 128 61 0.125047
0 0 0 0 0 1 128 62 0.124929
0 0 0 0 0 1 128 63 0.125128
0 0 0 0 0 1 128 64 0.125346
0 0 0 0 1 0 16 1 0.293497
0 0 0 0 1 0 16 2 0.295309
0 0 0 0 1 0 16 3 0.295515
0 0 0 0 1 0 16 4 0.297093
0 0 0 0 1 0 16 5 0.297164
0 0 0 0 1 0 16 6 0.297329
0 0 0 0 1 0 16 7 0.296767
0 0 0 0 1 0 16 8 0.29591
0 0 0 0 1 0 32 1 0.256877
0 0 0 0 1 0 32 2 0.259115
0 0 0 0 1 0 32 3 0.260762
0 0 0 0 1 0 32 4 0.262508
0 0 0 0 1 0 32 5 0.264206
0 0 0 0 1 0 32 6 0.26567
0 0 0 0 1 0 32 7 0.266841
0 0 0 0 1 0 32 8 0.267553
0 0 0 0 1 0 32 9 0.267664
0 0 0 0 1 0 32 10 0.267392
0 0 0 0 1 0 32 11 0.265151
0 0 0 0 1 0 32 12 0.261987
0 0 0 0 1 0 32 13 0.256914
0 0 0 0 1 0 32 14 0.251097
0 0 0 0 1 0 32 15 0.242781
0 0 0 0 1 0 32 16 0.233329
0 0 0 0 1 0 64 1 0.154172
0 0 0 0 1 0 64 2 0.155496
0 0 0 0 1 0 64 3 0.156868
0 0 0 0 1 0 64 4 0.15817
0 0 0 0 1 0 64 5 0.159454
0 0 0 0 1 0 64 6 0.160699
0 0 0 0 1 0 64 7 0.161915
0 0 0 0 1 0 64 8 0.162965
0 0 0 0 1 0 64 9 0.163925
0 0 0 0 1 0 64 10 0.164765
0 0 0 0 1 0 64 11 0.165362
0 0 0 0 1 0 64 12 0.165661
0 0 0 0 1 0 64 13 0.165877
0 0 0 0 1 0 64 14 0.165762
0 0 0 0 1 0 64 15 0.165134
0 0 0 0 1 0 64 16 0.164073
0 0 0 0 1 0 64 17 0.162729
0 0 0 0 1 0 64 18 0.160693
0 0 0 0 1 0 64 19 0.158257
0 0 0 0 1 0 64 20 0.155625
0 0 0 0 1 0 64 21 0.152346
0 0 0 0 1 0 64 22 0.148195
0 0 0 0 1 0 64 23 0.143738
0 0 0 0 1 0 64 24 0.139007
0 0 0 0 1 0 64 25 0.133938
0 0 0 0 1 0 64 26 0.129611
0 0 0 0 1 0 64 27 0.125421
0 0 0 0 1 0 64 28 0.121363
0 0 0 0 1 0 64 29 0.11706
0 0 0 0 1 0 64 30 0.113295
0 0 0 0 1 0 64 31 0.109788
0 0 0 0 1 0 64 32 0.10616
0 0 0 0 1 0 128 1 0.0805581
0 0 0 0 1 0 128 2 0.0802755
0 0 0 0 1 0 128 3 0.0796873
0 0 0 0 1 0 128 4 0.0790496
0 0 0 0 1 0 128 5 0.0783978
0 0 0 0 1 0 128 6 0.0777457
0 0 0 0 1 0 128 7 0.0770107
0 0 0 0 1 0 128 8 0.0764093
0 0 0 0 1 0 128 9 0.0757382
0 0 0 0 1 0 128 10 0.0752899
0 0 0 0 1 0 128 11 0.0747939
0 0 0 0 1 0 128 12 0.0744594
0 0 0 0 1 0 128 13 0.0744725
0 0 0 0 1 0 128 14 0.074684
0 0 0 0 1 0 128 15 0.0748176
0 0 0 0 1 0 128 16 0.0750069
0 0 0 0 1 0 128 17 0.0752739
0 0 0 0 1 0 128 18 0.0755701
0 0 0 0 1 0 128 19 0.0759383
0 0 0 0 1 0 128 20 0.07666
0 0 0 0 1 0 128 21 0.0775639
0 0 0 0 1 0 128 22 0.0785298
0 0 0 0 1 0 128 23 0.0793699
0 0 0 0 1 0 128 24 0.080278
0 0 0 0 1 0 128 25 0.0811735
0 0 0 0 1 0 128 26 0.0820699
0 0 0 0 1 0 128 27 0.0828795
0 0 0 0 1 0 128 28 0.0836941
0 0 0 0 1 0 128 29 0.0845043
0 0 0 0 1 0 128 30 0.0853081
0 0 0 0 1 0 128 31 0.0861253
0 0 0 0 1 0 128 32 0.0869236
0 0 0 0 1 0 128 33 0.0876943
0 0 0 0 1 0 128 34 0.0884261
0 0 0 0 1 0 128 35 0.08919
0 0 0 0 1 0 128 36 0.0898826
0 0 0 0 1 0 128 37 0.0905454
0 0 0 0 1 0 128 38 0.0911972
0 0 0 0 1 0 128 39 0.0918445
0 0 0 0 1 0 128 40 0.0924079
0 0 0 0 1 0 128 41 0.0929908
0 0 0 0 1 0 128 42 0.0935892
0 0 0 0 1 0 128 43 0.0941948
0 0 0 0 1 0 128 44 0.0947073
0 0 0 0 1 0 128 45 0.0951735
0 0 0 0 1 0 128 46 0.0957509
0 0 0 0 1 0 128 47 0.0964191
0 0 0 0 1 0 128 48 0.0969597
0 0 0 0 1 0 128 49 0.0974187
0 0 0 0 1 0 128 50 0.0979633
0 0 0 0 1 0 128 51 0.0985233
0 0 0 0 1 0 128 52 0.0989348
0 0 0 0 1 0 128 53 0.0993739
0 0 0 0 1 0 128 54 0.0997953
0 0 0 0 1 0 128 55 0.100275
0 0 0 0 1 0 128 56 0.100634
0 0 0 0 1 0 128 57 0.100992
0 0 0 0 1 0 128 58 0.101183
0 0 0 0 1 0 128 59 0.101136
0 0 0 0 1 0 128 60 0.101073
0 0 0 0 1 0 128 61 0.100726
0 0 0 0 1 0 128 62 0.100309
0 0 0 0 1 0 128 63 0.100034
0 0 0 0 1 0 128 64 0.0997209
0 0 0 0 0 1 16 1 0.289943
0 0 0 0 0 1 16 2 0.280362
0 0 0 0 0 1 16 3 0.27384
0 0 0 0 0 1 16 4 0.276224
0 0 0 0 0 1 16 5 0.265083
0 0 0 0 0 1 16 6 0.256456
0 0 0 0 0 1 16 7 0.211675
0 0 0 0 0 1 16 8 0.149777
0 0 0 0 0 1 32 1 0.251538
0 0 0 0 0 1 32 2 0.25329
0 0 0 0 0 1 32 3 0.255024
0 0 0 0 0 1 32 4 0.256098
0 0 0 0 0 1 32 5 0.255637
0 0 0 0 0 1 32 6 0.244162
0 0 0 0 0 1 32 7 0.235983
0 0 0 0 0 1 32 8 0.227406
0 0 0 0 0 1 32 9 0.216941
0 0 0 0 0 1 32 10 0.193647
0 0 0 0 0 1 32 11 0.177583
0 0 0 0 0 1 32 12 0.164449
0 0 0 0 0 1 32 13 0.153678
0 0 0 0 0 1 32 14 0.136013
0 0 0 0 0 1 32 15 0.119567
0 0 0 0 0 1 32 16 0.0997183
0 0 0 0 0 1 64 1 0.166662
0 0 0 0 0 1 64 2 0.168197
0 0 0 0 0 1 64 3 0.169805
0 0 0 0 0 1 64 4 0.171407
0 0 0 0 0 1 64 5 0.173034
0 0 0 0 0 1 64 6 0.174363
0 0 0 0 0 1 64 7 0.175714
0 0 0 0 0 1 64 8 0.175274
0 0 0 0 0 1 64 9 0.17534
0 0 0 0 0 1 64 10 0.174842
0 0 0 0 0 1 64 11 0.17363
0 0 0 0 0 1 64 12 0.17332
0 0 0 0 0 1 64 13 0.172557
0 0 0 0 0 1 64 14 0.172521
0 0 0 0 0 1 64 15 0.171234
0 0 0 0 0 1 64 16 0.167395
0 0 0 0 0 1 64 17 0.164394
0 0 0 0 0 1 64 18 0.161024
0 0 0 0 0 1 64 19 0.157794
0 0 0 0 0 1 64 20 0.154217
0 0 0 0 0 1 64 21 0.152049
0 0 0 0 0 1 64 22 0.144097
0 0 0 0 0 1 64 23 0.136056
0 0 0 0 0 1 64 24 0.123749
0 0 0 0 0 1 64 25 0.111794
0 0 0 0 0 1 64 26 0.108568
0 0 0 0 0 1 64 27 0.105004
0 0 0 0 0 1 64 28 0.102715
0 0 0 0 0 1 64 29 0.0974199
0 0 0 0 0 1 64 30 0.0911108
0 0 0 0 0 1 64 31 0.083278
0 0 0 0 0 1 64 32 0.0840844
0 0 0 0 0 1 128 1 0.0984192
0 0 0 0 0 1 128 2 0.0980229
0 0 0 0 0 1 128 3 0.0973224
0 0 0 0 0 1 128 4 0.0964528
0 0 0 0 0 1 128 5 0.0956489
0 0 0 0 0 1 128 6 0.0948324
0 0 0 0 0 1 128 7 0.0940282
0 0 0 0 0 1 128 8 0.0936885
0 0 0 0 0 1 128 9 0.0933029
0 0 0 0 0 1 128 10 0.0938335
0 0 0 0 0 1 128 11 0.0939115
0 0 0 0 0 1 128 12 0.0937004
0 0 0 0 0 1 128 13 0.0944624
0 0 0 0 0 1 128 14 0.0954397
0 0 0 0 0 1 128 15 0.0950602
0 0 0 0 0 1 128 16 0.0948335
0 0 0 0 0 1 128 17 0.0942354
0 0 0 0 0 1 128 18 0.0936281
0 0 0 0 0 1 128 19 0.0936119
0 0 0 0 0 1 128 20 0.0948847
0 0 0 0 0 1 128 21 0.0968386
0 0 0 0 0 1 128 22 0.0988281
0 0 0 0 0 1 128 23 0.100815
0 0 0 0 0 1 128 24 0.103051
0 0 0 0 0 1 128 25 0.105147
0 0 0 0 0 1 128 26 0.107333
0 0 0 0 0 1 128 27 0.108924
0 0 0 0 0 1 128 28 0.110989
0 0 0 0 0 1 128 29 0.113221
0 0 0 0 0 1 128 30 0.116195
0 0 0 0 0 1 128 31 0.119451
0 0 0 0 0 1 128 32 0.122239
0 0 0 0 0 1 128 33 0.125431
0 0 0 0 0 1 128 34 0.128059
0 0 0 0 0 1 128 35 0.13211
0 0 0 0 0 1 128 36 0.134738
0 0 0 0 0 1 128 37 0.137253
0 0 0 0 0 1 128 38 0.140427
0 0 0 0 0 1 128 39 0.143796
0 0 0 0 0 1 128 40 0.144803
0 0 0 0 0 1 128 41 0.145755
0 0 0 0 0 1 128 42 0.147094
0 0 0 0 0 1 128 43 0.150385
0 0 0 0 0 1 128 44 0.155603
0 0 0 0 0 1 128 45 0.16035
0 0 0 0 0 1 128 46 0.164232
0 0 0 0 0 1 128 47 0.166958
0 0 0 0 0 1 128 48 0.166084
0 0 0 0 0 1 128 49 0.16577
0 0 0 0 0 1 128 50 0.165805
0 0 0 0 0 1 128 51 0.166422
0 0 0 0 0 1 128 52 0.167422
0 0 0 0 0 1 128 53 0.16641
0 0 0 0 0 1 128 54 0.163635
0 0 0 0 0 1 128 55 0.157858
0 0 0 0 0 1 128 56 0.146279
0 0 0 0 0 1 128 57 0.13491
0 0 0 0 0 1 128 58 0.126023
0 0 0 0 0 1 128 59 0.116524
0 0 0 0 0 1 128 60 0.10946
0 0 0 0 0 1 128 61 0.102812
0 0 0 0 0 1 128 62 0.0983795
0 0 0 0 0 1 128 63 0.0927966
0 0 0 0 0 1 128 64 0.0801499
0 0 0 0 1 0 16 1 0.293497
0 0 0 0 1 0 16 2 0.283552
0 0 0 0 1 0 16 3 0.276874
0 0 0 0 1 0 16 4 0.279174
0 0 0 0 1 0 16 5 0.266074
0 0 0 0 1 0 16 6 0.256892
0 0 0 0 1 0 16 7 0.211215
0 0 0 0 1 0 16 8 0.151075
0 0 0 0 1 0 32 1 0.256877
0 0 0 0 1 0 32 2 0.258754
0 0 0 0 1 0 32 3 0.260612
0 0 0 0 1 0 32 4 0.261891
0 0 0 0 1 0 32 5 0.257234
0 0 0 0 1 0 32 6 0.244694
0 0 0 0 1 0 32 7 0.236679
0 0 0 0 1 0 32 8 0.228296
0 0 0 0 1 0 32 9 0.215371
0 0 0 0 1 0 32 10 0.190115
0 0 0 0 1 0 32 11 0.175155
0 0 0 0 1 0 32 12 0.161371
0 0 0 0 1 0 32 13 0.15075
0 0 0 0 1 0 32 14 0.13249
0 0 0 0 1 0 32 15 0.117366
0 0 0 0 1 0 32 16 0.0973705
0 0 0 0 1 0 64 1 0.154172
0 0 0 0 1 0 64 2 0.155486
0 0 0 0 1 0 64 3 0.156859
0 0 0 0 1 0 64 4 0.158223
0 0 0 0 1 0 64 5 0.159612
0 0 0 0 1 0 64 6 0.160739
0 0 0 0 1 0 64 7 0.161893
0 0 0 0 1 0 64 8 0.161508
0 0 0 0 1 0 64 9 0.161568
0 0 0 0 1 0 64 10 0.161145
0 0 0 0 1 0 64 11 0.160108
0 0 0 0 1 0 64 12 0.159863
0 0 0 0 1 0 64 13 0.15925
0 0 0 0 1 0 64 14 0.159277
0 0 0 0 1 0 64 15 0.158202
0 0 0 0 1 0 64 16 0.154911
0 0 0 0 1 0 64 17 0.152342
0 0 0 0 1 0 64 18 0.149449
0 0 0 0 1 0 64 19 0.146687
0 0 0 0 1 0 64 20 0.143615
0 0 0 0 1 0 64 21 0.141782
0 0 0 0 1 0 64 22 0.134886
0 0 0 0 1 0 64 23 0.127815
0 0 0 0 1 0 64 24 0.116857
0 0 0 0 1 0 64 25 0.106039
0 0 0 0 1 0 64 26 0.102471
0 0 0 0 1 0 64 27 0.0991037
0 0 0 0 1 0 64 28 0.095878
0 0 0 0 1 0 64 29 0.0930734
0 0 0 0 1 0 64 30 0.0869491
0 0 0 0 1 0 64 31 0.078313
0 0 0 0 1 0 64 32 0.0768382
0 0 0 0 1 0 128 1 0.0805581
0 0 0 0 1 0 128 2 0.0803839
0 0 0 0 1 0 128 3 0.0800276
0 0 0 0 1 0 128 4 0.0794432
0 0 0 0 1 0 128 5 0.0790137
0 0 0 0 1 0 128 6 0.0785581
0 0 0 0 1 0 128 7 0.0780765
0 0 0 0 1 0 128 8 0.0779341
0 0 0 0 1 0 128 9 0.0774226
0 0 0 0 1 0 128 10 0.0780546
0 0 0 0 1 0 128 11 0.0780767
0 0 0 0 1 0 128 12 0.0777798
0 0 0 0 1 0 128 13 0.0783223
0 0 0 0 1 0 128 14 0.0790363
0 0 0 0 1 0 128 15 0.0783771
0 0 0 0 1 0 128 16 0.0782231
0 0 0 0 1 0 128 17 0.0775074
0 0 0 0 1 0 128 18 0.0757803
0 0 0 0 1 0 128 19 0.0755222
0 0 0 0 1 0 128 20 0.0767703
0 0 0 0 1 0 128 21 0.0788516
0 0 0 0 1 0 128 22 0.0806862
0 0 0 0 1 0 128 23 0.0825367
0 0 0 0 1 0 128 24 0.0847134
0 0 0 0 1 0 128 25 0.0867778
0 0 0 0 1 0 128 26 0.0891717
0 0 0 0 1 0 128 27 0.0910433
0 0 0 0 1 0 128 28 0.0932168
0 0 0 0 1 0 128 29 0.0955489
0 0 0 0 1 0 128 30 0.098408
0 0 0 0 1 0 128 31 0.101308
0 0 0 0 1 0 128 32 0.103798
0 0 0 0 1 0 128 33 0.106478
0 0 0 0 1 0 128 34 0.108761
0 0 0 0 1 0 128 35 0.112279
0 0 0 0 1 0 128 36 0.114156
0 0 0 0 1 0 128 37 0.115877
0 0 0 0 1 0 128 38 0.117829
0 0 0 0 1 0 128 39 0.119332
0 0 0 0 1 0 128 40 0.119593
0 0 0 0 1 0 128 41 0.119714
0 0 0 0 1 0 128 42 0.120284
0 0 0 0 1 0 128 43 0.12226
0 0 0 0 1 0 128 44 0.124992
0 0 0 0 1 0 128 45 0.127303
0 0 0 0 1 0 128 46 0.12922
0 0 0 0 1 0 128 47 0.131658
0 0 0 0 1 0 128 48 0.13057
0 0 0 0 1 0 128 49 0.129574
0 0 0 0 1 0 128 50 0.12969
0 0 0 0 1 0 128 51 0.131068
0 0 0 0 1 0 128 52 0.132247
0 0 0 0 1 0 128 53 0.131299
0 0 0 0 1 0 128 54 0.126784
0 0 0 0 1 0 128 55 0.121445
0 0 0 0 1 0 128 56 0.114615
0 0 0 0 1 0 128 57 0.107796
0 0 0 0 1 0 128 58 0.102279
0 0 0 0 1 0 128 59 0.0962869
0 0 0 0 1 0 128 60 0.0915906
0 0 0 0 1 0 128 61 0.0799404
0 0 0 0 1 0 128 62 0.0783817
0 0 0 0 1 0 128 63 0.0761349
0 0 0 0 1 0 128 64 0.0753073