1.017540000000000049e+02
1.017890000000000015e+02
1.063149999999999977e+02
4.300140000000000100e+02
1.180879999999999939e+02
1.229489999999999981e+02
1.035879999999999939e+02
1.025430000000000064e+02
1.061129999999999995e+02
4.165199999999999818e+02
1.198769999999999953e+02
1.233419999999999987e+02
1.189129999999999967e+02
1.162369999999999948e+02
1.200120000000000005e+02
4.309279999999999973e+02
1.337609999999999957e+02
1.372489999999999952e+02
1.269270000000000067e+02
1.268919999999999959e+02
1.346179999999999950e+02
7.778089999999999691e+02
1.602069999999999936e+02
1.687379999999999995e+02
1.270510000000000019e+02
1.256329999999999956e+02
1.328520000000000039e+02
7.523070000000000164e+02
1.600519999999999925e+02
1.669970000000000141e+02
1.423089999999999975e+02
1.393439999999999941e+02
1.467090000000000032e+02
7.666490000000000009e+02
1.738120000000000118e+02
1.808720000000000141e+02
1.520469999999999970e+02
1.509439999999999884e+02
1.616490000000000009e+02
1.129359999999999900e+03
2.014559999999999889e+02
2.121759999999999877e+02
1.515200000000000102e+02
1.486289999999999907e+02
1.592690000000000055e+02
1.090990000000000009e+03
1.997700000000000102e+02
2.098319999999999936e+02
1.666790000000000020e+02
1.624859999999999900e+02
1.734089999999999918e+02
1.102710000000000036e+03
2.139960000000000093e+02
2.242170000000000130e+02
1.760190000000000055e+02
1.738990000000000009e+02
1.894509999999999934e+02
1.477410000000000082e+03
2.418540000000000134e+02
2.571669999999999732e+02
1.748000000000000114e+02
1.716839999999999975e+02
1.857230000000000132e+02
1.427309999999999945e+03
2.406390000000000100e+02
2.531009999999999991e+02
1.901349999999999909e+02
1.854329999999999927e+02
1.999749999999999943e+02
1.438339999999999918e+03
2.539029999999999916e+02
2.675509999999999877e+02
2.003110000000000070e+02
1.972139999999999986e+02
2.162500000000000000e+02
1.830230000000000018e+03
2.827219999999999800e+02
3.013090000000000259e+02
1.994029999999999916e+02
1.948300000000000125e+02
2.131049999999999898e+02
1.763750000000000000e+03
2.829519999999999982e+02
3.028570000000000277e+02
2.149590000000000032e+02
2.084749999999999943e+02
2.267390000000000043e+02
1.774609999999999900e+03
2.944390000000000214e+02
3.154019999999999868e+02
2.236930000000000121e+02
2.207040000000000077e+02
2.430579999999999927e+02
2.184079999999999927e+03
3.227679999999999723e+02
3.454610000000000127e+02
2.227119999999999891e+02
2.178569999999999993e+02
2.393830000000000098e+02
2.103099999999999909e+03
3.183489999999999895e+02
3.400099999999999909e+02
2.384679999999999893e+02
2.316899999999999977e+02
2.533549999999999898e+02
2.114550000000000182e+03
3.336229999999999905e+02
3.544850000000000136e+02
1.007950000000000017e+02
1.008919999999999959e+02
1.078130000000000024e+02
4.367040000000000077e+02
1.177879999999999967e+02
1.231140000000000043e+02
1.003149999999999977e+02
1.004440000000000026e+02
1.063640000000000043e+02
4.218190000000000168e+02
1.176830000000000069e+02
1.229839999999999947e+02
1.117830000000000013e+02
1.104210000000000065e+02
1.203239999999999981e+02
4.362599999999999909e+02
1.282779999999999916e+02
1.367460000000000093e+02
1.272039999999999935e+02
1.259929999999999950e+02
1.353509999999999991e+02
7.840539999999999736e+02
1.594950000000000045e+02
1.687119999999999891e+02
1.280440000000000111e+02
1.254669999999999987e+02
1.329290000000000020e+02
7.558450000000000273e+02
1.596589999999999918e+02
1.668019999999999925e+02
1.432100000000000080e+02
1.376980000000000075e+02
1.466740000000000066e+02
7.713049999999999500e+02
1.724929999999999950e+02
1.805500000000000114e+02
1.521589999999999918e+02
1.500430000000000064e+02
1.626440000000000055e+02
1.135519999999999982e+03
2.011579999999999870e+02
2.130610000000000070e+02
1.521800000000000068e+02
1.485149999999999864e+02
1.593259999999999934e+02
1.093250000000000000e+03
1.995749999999999886e+02
2.104830000000000041e+02
1.674850000000000136e+02
1.623180000000000121e+02
1.735140000000000100e+02
1.104400000000000091e+03
2.130480000000000018e+02
2.239430000000000121e+02
1.764919999999999902e+02
1.740240000000000009e+02
1.891479999999999961e+02
1.480079999999999927e+03
2.419370000000000118e+02
2.581229999999999905e+02
1.759019999999999868e+02
1.715409999999999968e+02
1.859559999999999889e+02
1.428750000000000000e+03
2.394639999999999986e+02
2.532560000000000002e+02
1.914250000000000114e+02
1.853799999999999955e+02
1.996009999999999991e+02
1.443089999999999918e+03
2.528129999999999882e+02
2.673929999999999723e+02
2.021469999999999914e+02
1.971810000000000116e+02
2.168679999999999950e+02
1.835710000000000036e+03
2.834490000000000123e+02
3.021360000000000241e+02
1.998300000000000125e+02
1.946790000000000020e+02
2.129480000000000075e+02
1.767849999999999909e+03
2.796009999999999991e+02
2.969320000000000164e+02
2.153950000000000102e+02
2.086409999999999911e+02
2.265569999999999879e+02
1.784779999999999973e+03
2.938620000000000232e+02
3.102309999999999945e+02
2.252450000000000045e+02
2.207439999999999998e+02
2.437079999999999984e+02
2.179250000000000000e+03
3.236630000000000109e+02
3.468149999999999977e+02
2.233009999999999877e+02
2.176680000000000064e+02
2.390099999999999909e+02
2.102309999999999945e+03
3.184649999999999750e+02
3.438709999999999809e+02
2.389420000000000073e+02
2.315149999999999864e+02
2.536069999999999993e+02
2.119949999999999818e+03
3.339279999999999973e+02
3.574329999999999927e+02
2.491510000000000105e+02
2.443919999999999959e+02
2.704619999999999891e+02
2.538940000000000055e+03
3.643349999999999795e+02
3.900049999999999955e+02
2.478600000000000136e+02
2.407589999999999861e+02
2.661879999999999882e+02
2.441030000000000200e+03
3.594529999999999745e+02
3.882810000000000059e+02
2.631100000000000136e+02
2.545639999999999930e+02
2.817970000000000255e+02
2.457130000000000109e+03
3.735570000000000164e+02
3.983469999999999800e+02
1.262579999999999956e+02
1.268220000000000027e+02
1.367800000000000011e+02
7.903220000000000027e+02
1.601250000000000000e+02
1.698930000000000007e+02
1.255739999999999981e+02
1.259839999999999947e+02
1.340430000000000064e+02
7.616649999999999636e+02
1.603750000000000000e+02
1.676069999999999993e+02
1.370049999999999955e+02
1.394370000000000118e+02
1.482210000000000036e+02
7.765220000000000482e+02
1.744159999999999968e+02
1.819710000000000036e+02
1.527870000000000061e+02
1.501659999999999968e+02
1.638139999999999930e+02
1.140750000000000000e+03
2.012419999999999902e+02
2.137210000000000036e+02
1.517400000000000091e+02
1.490190000000000055e+02
1.604540000000000077e+02
1.095089999999999918e+03
2.007350000000000136e+02
2.115229999999999961e+02
1.686370000000000005e+02
1.633439999999999941e+02
1.751009999999999991e+02
1.111950000000000045e+03
2.150289999999999964e+02
2.267369999999999948e+02
1.768760000000000048e+02
1.738470000000000084e+02
1.900209999999999866e+02
1.487980000000000018e+03
2.420480000000000018e+02
2.592640000000000100e+02
1.759730000000000132e+02
1.724970000000000141e+02
1.871740000000000066e+02
1.429750000000000000e+03
2.408340000000000032e+02
2.549120000000000061e+02
1.924480000000000075e+02
1.868559999999999945e+02
2.021810000000000116e+02
1.449289999999999964e+03
2.548679999999999950e+02
2.701000000000000227e+02
2.016800000000000068e+02
1.974329999999999927e+02
2.164730000000000132e+02
1.838740000000000009e+03
2.828070000000000164e+02
3.029569999999999936e+02
1.999910000000000139e+02
1.954490000000000123e+02
2.135749999999999886e+02
1.767200000000000045e+03
2.809959999999999809e+02
2.982069999999999936e+02
2.170440000000000111e+02
2.100099999999999909e+02
2.285329999999999870e+02
1.787079999999999927e+03
2.959519999999999982e+02
3.132500000000000000e+02
2.263060000000000116e+02
2.213060000000000116e+02
2.436680000000000064e+02
2.190420000000000073e+03
3.224060000000000059e+02
3.460219999999999914e+02
2.234019999999999868e+02
2.186409999999999911e+02
2.401100000000000136e+02
2.107130000000000109e+03
3.212040000000000077e+02
3.421109999999999900e+02
2.409989999999999952e+02
2.335920000000000130e+02
2.556539999999999964e+02
2.122780000000000200e+03
3.371340000000000146e+02
3.576979999999999791e+02
2.494960000000000093e+02
2.444199999999999875e+02
2.705960000000000036e+02
2.536139999999999873e+03
3.634990000000000236e+02
3.904429999999999836e+02
2.477800000000000011e+02
2.416049999999999898e+02
2.671859999999999786e+02
2.447199999999999818e+03
3.607459999999999809e+02
3.849449999999999932e+02
2.652409999999999854e+02
2.567520000000000095e+02
2.823240000000000123e+02
2.464050000000000182e+03
3.762339999999999804e+02
3.995149999999999864e+02
2.732189999999999941e+02
2.672830000000000155e+02
2.977719999999999914e+02
2.884460000000000036e+03
4.041419999999999959e+02
4.361009999999999991e+02
2.709909999999999854e+02
2.646990000000000123e+02
2.937130000000000223e+02
2.780570000000000164e+03
4.073020000000000209e+02
4.317540000000000191e+02
2.894370000000000118e+02
2.797649999999999864e+02
3.089130000000000109e+02
2.801690000000000055e+03
4.180729999999999791e+02
4.466899999999999977e+02
1.527959999999999923e+02
1.509759999999999991e+02
1.651299999999999955e+02
1.145799999999999955e+03
2.019859999999999900e+02
2.148990000000000009e+02
1.526699999999999875e+02
1.492820000000000107e+02
1.608580000000000041e+02
1.101240000000000009e+03
2.003329999999999984e+02
2.106839999999999975e+02
1.666610000000000014e+02
1.637129999999999939e+02
1.754530000000000030e+02
1.118250000000000000e+03
2.144490000000000123e+02
2.254290000000000020e+02
1.779389999999999930e+02
1.748319999999999936e+02
1.905929999999999893e+02
1.492140000000000100e+03
2.420769999999999982e+02
2.592049999999999841e+02
1.771440000000000055e+02
1.722290000000000134e+02
1.875109999999999957e+02
1.434009999999999991e+03
2.403170000000000073e+02
2.548619999999999948e+02
1.930099999999999909e+02
1.869339999999999975e+02
2.025240000000000009e+02
1.454180000000000064e+03
2.552450000000000045e+02
2.702119999999999891e+02
2.027669999999999959e+02
1.977769999999999868e+02
2.175149999999999864e+02
1.839799999999999955e+03
2.831700000000000159e+02
3.046100000000000136e+02
2.010449999999999875e+02
1.953779999999999859e+02
2.140149999999999864e+02
1.771750000000000000e+03
2.806270000000000095e+02
2.984200000000000159e+02
2.173820000000000050e+02
2.101150000000000091e+02
2.290380000000000109e+02
1.786920000000000073e+03
2.953450000000000273e+02
3.137939999999999827e+02
2.262470000000000141e+02
2.211419999999999959e+02
2.461709999999999923e+02
2.184289999999999964e+03
3.233629999999999995e+02
3.481240000000000236e+02
2.254039999999999964e+02
2.186779999999999973e+02
2.410049999999999955e+02
2.110610000000000127e+03
3.214230000000000018e+02
3.425579999999999927e+02
2.415920000000000130e+02
2.342700000000000102e+02
2.560889999999999986e+02
2.127820000000000164e+03
3.361639999999999873e+02
3.596150000000000091e+02
2.513489999999999895e+02
2.444749999999999943e+02
2.726530000000000200e+02
2.536449999999999818e+03
3.634839999999999804e+02
3.923129999999999882e+02
2.488940000000000055e+02
2.416550000000000011e+02
2.669820000000000277e+02
2.446320000000000164e+03
3.602590000000000146e+02
3.850810000000000173e+02
2.658129999999999882e+02
2.567320000000000277e+02
2.827869999999999777e+02
2.465139999999999873e+03
3.762189999999999941e+02
4.044479999999999791e+02
2.740950000000000273e+02
2.679540000000000077e+02
3.003450000000000273e+02
2.886909999999999854e+03
4.037690000000000055e+02
4.359859999999999900e+02
2.732269999999999754e+02
2.644700000000000273e+02
2.941689999999999827e+02
2.783539999999999964e+03
4.002919999999999732e+02
4.302629999999999768e+02
2.893530000000000086e+02
2.797019999999999982e+02
3.111490000000000009e+02
2.805079999999999927e+03
4.162620000000000005e+02
4.453229999999999791e+02
2.990090000000000146e+02
2.909490000000000123e+02
3.263340000000000032e+02
3.238920000000000073e+03
4.438389999999999986e+02
4.806320000000000050e+02
2.970699999999999932e+02
2.871899999999999977e+02
3.215439999999999827e+02
3.123590000000000146e+03
4.409200000000000159e+02
4.728240000000000123e+02
3.132200000000000273e+02
3.028009999999999877e+02
3.390199999999999818e+02
3.143159999999999854e+03
4.574510000000000218e+02
4.875769999999999982e+02
1.775970000000000084e+02
1.754099999999999966e+02
1.923679999999999950e+02
1.497509999999999991e+03
2.425949999999999989e+02
2.606209999999999809e+02
1.764290000000000020e+02
1.724759999999999991e+02
1.878839999999999861e+02
1.442059999999999945e+03
2.405850000000000080e+02
2.545459999999999923e+02
1.925759999999999934e+02
1.872580000000000098e+02
2.026100000000000136e+02
1.460329999999999927e+03
2.550809999999999889e+02
2.687679999999999723e+02
2.029950000000000045e+02
1.975550000000000068e+02
2.195600000000000023e+02
1.846369999999999891e+03
2.838559999999999945e+02
3.053229999999999791e+02
2.014019999999999868e+02
1.954060000000000059e+02
2.143799999999999955e+02
1.778569999999999936e+03
2.810280000000000200e+02
2.979580000000000268e+02
2.176359999999999957e+02
2.102630000000000052e+02
2.293360000000000127e+02
1.796460000000000036e+03
2.957300000000000182e+02
3.152930000000000064e+02
2.268540000000000134e+02
2.213940000000000055e+02
2.479530000000000030e+02
2.189309999999999945e+03
3.228670000000000186e+02
3.493629999999999995e+02
2.249370000000000118e+02
2.186759999999999877e+02
2.413590000000000089e+02
2.113860000000000127e+03
3.215149999999999864e+02
3.418620000000000232e+02
2.417959999999999923e+02
2.336920000000000073e+02
2.585330000000000155e+02
2.132190000000000055e+03
3.357180000000000177e+02
3.596170000000000186e+02
2.516320000000000050e+02
2.452379999999999995e+02
2.739270000000000209e+02
2.544340000000000146e+03
3.636770000000000209e+02
3.928450000000000273e+02
2.492100000000000080e+02
2.418089999999999975e+02
2.676419999999999959e+02
2.445989999999999782e+03
3.611399999999999864e+02
3.849390000000000214e+02
2.659700000000000273e+02
2.571159999999999854e+02
2.850779999999999745e+02
2.465780000000000200e+03
3.767409999999999854e+02
4.033509999999999991e+02
2.747289999999999850e+02
2.682409999999999854e+02
3.007850000000000250e+02
2.889809999999999945e+03
4.039089999999999918e+02
4.379750000000000227e+02
2.726899999999999977e+02
2.648190000000000168e+02
2.941360000000000241e+02
2.785280000000000200e+03
4.008910000000000196e+02
4.282339999999999804e+02
2.898469999999999800e+02
2.796050000000000182e+02
3.118050000000000068e+02
2.804230000000000018e+03
4.161009999999999991e+02
4.469789999999999850e+02
2.992060000000000173e+02
2.909270000000000209e+02
3.280659999999999741e+02
3.245920000000000073e+03
4.454879999999999995e+02
4.816159999999999854e+02
2.973670000000000186e+02
2.886639999999999873e+02
3.212250000000000227e+02
3.124489999999999782e+03
4.416309999999999718e+02
4.720230000000000246e+02
3.142429999999999950e+02
3.031990000000000123e+02
3.395040000000000191e+02
3.141320000000000164e+03
4.578319999999999936e+02
4.927590000000000146e+02
3.227409999999999854e+02
3.153410000000000082e+02
3.542780000000000200e+02
3.590389999999999873e+03
4.862669999999999959e+02
5.250069999999999482e+02
3.204279999999999973e+02
3.108210000000000264e+02
3.478910000000000196e+02
3.463070000000000164e+03
4.810169999999999959e+02
5.164700000000000273e+02
3.376940000000000168e+02
3.266530000000000200e+02
3.659289999999999736e+02
3.474530000000000200e+03
4.978009999999999877e+02
5.342989999999999782e+02
2.027560000000000002e+02
1.985999999999999943e+02
2.201310000000000002e+02
1.849569999999999936e+03
2.843310000000000173e+02
3.045450000000000159e+02
2.012849999999999966e+02
1.957899999999999920e+02
2.149699999999999989e+02
1.782650000000000091e+03
2.810439999999999827e+02
2.982509999999999764e+02
2.175790000000000077e+02
2.105819999999999936e+02
2.314120000000000061e+02
1.800579999999999927e+03
2.956979999999999791e+02
3.128310000000000173e+02
2.279050000000000011e+02
2.216299999999999955e+02
2.466339999999999861e+02
2.195780000000000200e+03
3.231050000000000182e+02
3.493509999999999991e+02
2.258050000000000068e+02
2.186750000000000114e+02
2.415620000000000118e+02
2.117210000000000036e+03
3.216209999999999809e+02
3.432359999999999900e+02
2.421550000000000011e+02
2.336939999999999884e+02
2.586680000000000064e+02
2.133630000000000109e+03
3.360869999999999891e+02
3.592180000000000177e+02
2.521870000000000118e+02
2.451020000000000039e+02
2.728969999999999914e+02
2.537449999999999818e+03
3.642620000000000005e+02
3.934580000000000268e+02
2.499919999999999902e+02
2.417100000000000080e+02
2.693480000000000132e+02
2.452469999999999800e+03
3.628890000000000100e+02
3.870149999999999864e+02
2.660310000000000059e+02
2.569639999999999986e+02
2.852189999999999941e+02
2.469610000000000127e+03
3.780099999999999909e+02
4.040769999999999982e+02
2.759300000000000068e+02
2.702540000000000191e+02
2.994990000000000236e+02
2.890070000000000164e+03
4.054859999999999900e+02
4.371139999999999759e+02
2.735799999999999841e+02
2.647730000000000246e+02
2.956379999999999768e+02
2.783730000000000018e+03
4.009510000000000218e+02
4.301360000000000241e+02
2.902110000000000127e+02
2.798380000000000223e+02
3.141279999999999859e+02
2.805940000000000055e+03
4.168290000000000077e+02
4.499870000000000232e+02
3.000299999999999727e+02
2.925419999999999732e+02
3.273879999999999768e+02
3.241050000000000182e+03
4.453940000000000055e+02
4.806460000000000150e+02
2.975529999999999973e+02
2.880389999999999873e+02
3.222379999999999995e+02
3.123510000000000218e+03
4.416480000000000246e+02
4.733410000000000082e+02
3.145470000000000255e+02
3.036019999999999754e+02
3.395199999999999818e+02
3.141230000000000018e+03
4.572980000000000018e+02
4.930889999999999986e+02
3.234080000000000155e+02
3.171309999999999718e+02
3.540620000000000118e+02
3.591760000000000218e+03
4.866279999999999859e+02
5.246090000000000373e+02
3.215520000000000209e+02
3.111800000000000068e+02
3.491399999999999864e+02
3.460780000000000200e+03
4.812860000000000014e+02
5.166090000000000373e+02
3.383949999999999818e+02
3.264569999999999936e+02
3.689060000000000059e+02
3.478380000000000109e+03
5.002959999999999923e+02
5.393569999999999709e+02
3.479610000000000127e+02
3.401949999999999932e+02
3.806440000000000055e+02
3.941179999999999836e+03
5.260839999999999463e+02
5.685069999999999482e+02
3.455160000000000196e+02
3.341340000000000146e+02
3.757989999999999782e+02
3.800480000000000018e+03
5.213010000000000446e+02
5.588890000000000100e+02
3.623559999999999945e+02
3.496920000000000073e+02
3.954950000000000045e+02
3.812889999999999873e+03
5.388619999999999663e+02
5.816900000000000546e+02
2.276469999999999914e+02
2.218480000000000132e+02
2.475579999999999927e+02
2.201409999999999854e+03
3.241059999999999945e+02
3.502450000000000045e+02
2.249929999999999950e+02
2.187150000000000034e+02
2.425370000000000061e+02
2.120949999999999818e+03
3.216639999999999873e+02
3.430219999999999914e+02
2.411380000000000052e+02
2.336860000000000070e+02
2.601360000000000241e+02
2.140349999999999909e+03
3.364610000000000127e+02
3.581209999999999809e+02
2.528899999999999864e+02
2.470490000000000066e+02
2.738229999999999791e+02
2.549320000000000164e+03
3.655609999999999786e+02
3.935020000000000095e+02
2.499269999999999925e+02
2.421990000000000123e+02
2.692620000000000005e+02
2.455110000000000127e+03
3.621320000000000050e+02
3.873759999999999764e+02
2.666990000000000123e+02
2.567280000000000086e+02
2.881229999999999905e+02
2.474050000000000182e+03
3.771370000000000005e+02
4.068489999999999895e+02
2.762869999999999777e+02
2.703079999999999927e+02
2.995169999999999959e+02
2.896170000000000073e+03
4.067880000000000109e+02
4.370559999999999832e+02
2.736100000000000136e+02
2.648990000000000009e+02
2.955489999999999782e+02
2.788820000000000164e+03
4.016709999999999923e+02
4.307060000000000173e+02
2.903330000000000268e+02
2.798299999999999841e+02
3.141299999999999955e+02
2.806679999999999836e+03
4.171970000000000027e+02
4.502219999999999800e+02
3.007139999999999986e+02
2.945219999999999914e+02
3.270679999999999836e+02
3.245849999999999909e+03
4.467169999999999845e+02
4.807640000000000100e+02
2.978090000000000259e+02
2.881299999999999955e+02
3.226150000000000091e+02
3.122960000000000036e+03
4.418410000000000082e+02
4.740710000000000264e+02
3.147400000000000091e+02
3.034830000000000041e+02
3.422210000000000036e+02
3.143679999999999836e+03
4.583249999999999886e+02
4.937590000000000146e+02
3.238140000000000214e+02
3.170529999999999973e+02
3.538210000000000264e+02
3.594929999999999836e+03
4.865720000000000027e+02
5.248419999999999845e+02
3.213290000000000077e+02
3.111870000000000118e+02
3.490830000000000268e+02
3.462710000000000036e+03
4.822939999999999827e+02
5.198310000000000173e+02
3.385040000000000191e+02
3.262420000000000186e+02
3.693550000000000182e+02
3.478320000000000164e+03
4.981920000000000073e+02
5.372859999999999445e+02
3.478960000000000150e+02
3.399669999999999845e+02
3.807080000000000268e+02
3.951829999999999927e+03
5.269990000000000236e+02
5.685389999999999873e+02
3.460120000000000005e+02
3.338399999999999750e+02
3.760380000000000109e+02
3.802530000000000200e+03
5.218479999999999563e+02
5.678830000000000382e+02
3.637099999999999795e+02
3.495620000000000118e+02
3.961499999999999773e+02
3.817849999999999909e+03
5.383360000000000127e+02
5.826150000000000091e+02
3.710269999999999868e+02
3.632280000000000086e+02
4.073849999999999909e+02
4.298119999999999891e+03
5.671380000000000337e+02
6.122110000000000127e+02
3.692799999999999727e+02
3.572180000000000177e+02
4.036539999999999964e+02
4.142100000000000364e+03
5.617970000000000255e+02
6.050670000000000073e+02
3.871190000000000282e+02
3.725520000000000209e+02
4.223299999999999841e+02
4.155000000000000000e+03
5.789109999999999445e+02
6.265199999999999818e+02
1.054009999999999962e+02
1.055879999999999939e+02
1.108629999999999995e+02
4.251059999999999945e+02
1.215969999999999942e+02
1.271419999999999959e+02
1.060349999999999966e+02
1.036779999999999973e+02
1.072840000000000060e+02
4.275489999999999782e+02
1.210699999999999932e+02
1.245490000000000066e+02
1.287410000000000139e+02
1.252279999999999944e+02
1.292760000000000105e+02
4.514970000000000141e+02
1.426889999999999930e+02
1.467839999999999918e+02
1.327079999999999984e+02
1.333629999999999995e+02
1.407379999999999995e+02
7.637259999999999991e+02
1.680720000000000027e+02
1.739900000000000091e+02
1.297990000000000066e+02
1.268780000000000001e+02
1.336539999999999964e+02
7.712380000000000564e+02
1.611440000000000055e+02
1.677849999999999966e+02
1.530490000000000066e+02
1.490380000000000109e+02
1.563319999999999936e+02
7.966739999999999782e+02
1.834689999999999941e+02
1.910999999999999943e+02
1.592990000000000066e+02
1.578029999999999973e+02
1.682400000000000091e+02
1.100220000000000027e+03
2.104639999999999986e+02
2.180620000000000118e+02
1.537179999999999893e+02
1.500089999999999861e+02
1.599809999999999945e+02
1.117140000000000100e+03
2.010800000000000125e+02
2.107649999999999864e+02
1.776299999999999955e+02
1.726030000000000086e+02
1.835730000000000075e+02
1.144549999999999955e+03
2.241440000000000055e+02
2.352719999999999914e+02
1.831949999999999932e+02
1.822800000000000011e+02
1.957750000000000057e+02
1.435160000000000082e+03
2.502880000000000109e+02
2.627060000000000173e+02
1.772299999999999898e+02
1.726020000000000039e+02
1.863700000000000045e+02
1.462059999999999945e+03
2.414970000000000141e+02
2.544569999999999936e+02
2.016610000000000014e+02
1.960529999999999973e+02
2.100809999999999889e+02
1.495230000000000018e+03
2.648609999999999900e+02
2.794630000000000223e+02
2.093959999999999866e+02
2.051030000000000086e+02
2.219480000000000075e+02
1.774680000000000064e+03
2.918670000000000186e+02
3.084660000000000082e+02
2.014019999999999868e+02
1.957210000000000036e+02
2.129079999999999870e+02
1.813319999999999936e+03
2.808360000000000127e+02
2.981840000000000259e+02
2.264269999999999925e+02
2.195159999999999911e+02
2.370790000000000077e+02
1.838599999999999909e+03
3.052769999999999868e+02
3.233720000000000141e+02
2.331510000000000105e+02
2.286419999999999959e+02
2.492980000000000018e+02
2.111699999999999818e+03
3.309370000000000118e+02
3.530939999999999941e+02
2.249310000000000116e+02
2.179790000000000134e+02
2.394869999999999948e+02
2.156630000000000109e+03
3.204030000000000200e+02
3.414350000000000023e+02
2.493950000000000102e+02
2.428750000000000000e+02
2.636460000000000150e+02
2.191429999999999836e+03
3.456229999999999905e+02
3.664719999999999800e+02
1.048790000000000049e+02
1.057780000000000058e+02
1.143110000000000070e+02
4.307789999999999964e+02
1.215840000000000032e+02
1.284360000000000070e+02
1.017999999999999972e+02
1.013700000000000045e+02
1.075510000000000019e+02
4.364700000000000273e+02
1.192500000000000000e+02
1.244539999999999935e+02
1.168059999999999974e+02
1.162069999999999936e+02
1.292909999999999968e+02
4.600819999999999936e+02
1.363000000000000114e+02
1.463640000000000043e+02
1.337860000000000014e+02
1.329770000000000039e+02
1.446920000000000073e+02
7.724829999999999472e+02
1.679639999999999986e+02
1.788520000000000039e+02
1.301699999999999875e+02
1.266059999999999945e+02
1.338890000000000100e+02
7.783279999999999745e+02
1.608369999999999891e+02
1.679660000000000082e+02
1.535709999999999980e+02
1.430649999999999977e+02
1.564420000000000073e+02
8.066200000000000045e+02
1.832880000000000109e+02
1.915420000000000016e+02
1.595339999999999918e+02
1.578969999999999914e+02
1.728209999999999980e+02
1.108079999999999927e+03
2.124010000000000105e+02
2.233470000000000084e+02
1.543509999999999991e+02
1.497439999999999998e+02
1.602729999999999961e+02
1.122240000000000009e+03
2.009370000000000118e+02
2.108600000000000136e+02
1.780629999999999882e+02
1.724819999999999993e+02
1.832800000000000011e+02
1.162890000000000100e+03
2.238789999999999907e+02
2.355869999999999891e+02
1.862230000000000132e+02
1.825099999999999909e+02
1.995370000000000061e+02
1.445980000000000018e+03
2.512179999999999893e+02
2.687590000000000146e+02
1.777539999999999907e+02
1.727450000000000045e+02
1.865850000000000080e+02
1.470349999999999909e+03
2.411910000000000025e+02
2.541709999999999923e+02
2.023050000000000068e+02
1.961949999999999932e+02
2.104809999999999945e+02
1.507609999999999900e+03
2.643389999999999986e+02
2.797389999999999759e+02
2.115999999999999943e+02
2.062479999999999905e+02
2.282050000000000125e+02
1.784759999999999991e+03
2.941220000000000141e+02
3.132909999999999968e+02
2.019509999999999934e+02
1.958880000000000052e+02
2.130509999999999877e+02
1.813559999999999945e+03
2.809200000000000159e+02
2.978120000000000118e+02
2.267789999999999964e+02
2.194809999999999945e+02
2.367090000000000032e+02
1.852960000000000036e+03
3.052590000000000146e+02
3.264800000000000182e+02
2.358739999999999952e+02
2.304149999999999920e+02
2.552700000000000102e+02
2.119530000000000200e+03
3.357909999999999968e+02
3.580000000000000000e+02
2.260229999999999961e+02
2.184430000000000121e+02
2.393540000000000134e+02
2.165929999999999836e+03
3.204060000000000059e+02
3.411410000000000196e+02
2.510279999999999916e+02
2.432050000000000125e+02
2.673229999999999791e+02
2.210920000000000073e+03
3.455400000000000205e+02
3.733759999999999764e+02
2.602049999999999841e+02
2.542880000000000109e+02
2.814639999999999986e+02
2.456559999999999945e+03
3.761840000000000259e+02
3.996730000000000018e+02
2.505339999999999918e+02
2.415440000000000111e+02
2.659809999999999945e+02
2.510079999999999927e+03
3.598389999999999986e+02
3.850099999999999909e+02
2.746610000000000014e+02
2.658039999999999736e+02
2.935149999999999864e+02
2.555730000000000018e+03
3.865659999999999741e+02
4.154920000000000186e+02
1.328110000000000070e+02
1.346690000000000111e+02
1.471189999999999998e+02
7.754120000000000346e+02
1.679120000000000061e+02
1.780190000000000055e+02
1.276099999999999994e+02
1.277369999999999948e+02
1.349139999999999873e+02
7.878579999999999472e+02
1.615649999999999977e+02
1.688890000000000100e+02
1.440529999999999973e+02
1.467709999999999866e+02
1.567500000000000000e+02
8.158890000000000100e+02
1.832100000000000080e+02
1.909569999999999936e+02
1.609970000000000141e+02
1.590250000000000057e+02
1.757270000000000039e+02
1.110359999999999900e+03
2.098830000000000098e+02
2.285109999999999957e+02
1.540500000000000114e+02
1.503369999999999891e+02
1.612700000000000102e+02
1.131519999999999982e+03
2.013240000000000123e+02
2.125889999999999986e+02
1.765060000000000002e+02
1.725430000000000064e+02
1.834989999999999952e+02
1.164089999999999918e+03
2.238240000000000123e+02
2.383499999999999943e+02
1.856179999999999950e+02
1.840459999999999923e+02
2.039219999999999970e+02
1.447240000000000009e+03
2.532400000000000091e+02
2.726449999999999818e+02
1.780809999999999889e+02
1.736670000000000016e+02
1.878990000000000009e+02
1.475690000000000055e+03
2.417259999999999991e+02
2.558350000000000080e+02
2.021550000000000011e+02
1.960600000000000023e+02
2.131229999999999905e+02
1.512099999999999909e+03
2.646179999999999950e+02
2.827090000000000032e+02
2.120300000000000011e+02
2.091800000000000068e+02
2.314350000000000023e+02
1.785730000000000018e+03
2.945230000000000246e+02
3.171460000000000150e+02
2.019389999999999930e+02
1.969310000000000116e+02
2.141810000000000116e+02
1.820900000000000091e+03
2.820790000000000077e+02
2.990950000000000273e+02
2.264979999999999905e+02
2.193760000000000048e+02
2.398890000000000100e+02
1.854940000000000055e+03
3.051229999999999905e+02
3.297320000000000277e+02
2.362870000000000061e+02
2.312729999999999961e+02
2.560070000000000050e+02
2.119730000000000018e+03
3.365470000000000255e+02
3.588589999999999804e+02
2.255860000000000127e+02
2.200780000000000030e+02
2.407069999999999936e+02
2.166219999999999800e+03
3.215849999999999795e+02
3.429599999999999795e+02
2.507570000000000050e+02
2.429610000000000127e+02
2.699700000000000273e+02
2.214460000000000036e+03
3.454549999999999841e+02
3.762919999999999732e+02
2.615020000000000095e+02
2.563679999999999950e+02
2.823870000000000005e+02
2.460750000000000000e+03
3.767219999999999800e+02
4.015889999999999986e+02
2.500380000000000109e+02
2.427969999999999970e+02
2.671659999999999968e+02
2.523989999999999782e+03
3.614250000000000114e+02
3.864660000000000082e+02
2.749689999999999941e+02
2.656469999999999914e+02
2.972080000000000268e+02
2.561590000000000146e+03
3.862429999999999950e+02
4.192269999999999754e+02
2.854669999999999845e+02
2.800779999999999745e+02
3.095140000000000100e+02
2.794639999999999873e+03
4.171659999999999968e+02
4.457409999999999854e+02
2.731779999999999973e+02
2.660699999999999932e+02
2.943090000000000259e+02
2.866130000000000109e+03
4.010489999999999782e+02
4.300389999999999873e+02
2.982749999999999773e+02
2.923319999999999936e+02
3.235079999999999814e+02
2.919659999999999854e+03
4.294689999999999941e+02
4.629279999999999973e+02
1.595509999999999877e+02
1.605099999999999909e+02
1.763499999999999943e+02
1.113680000000000064e+03
2.115809999999999889e+02
2.265519999999999925e+02
1.548890000000000100e+02
1.508029999999999973e+02
1.618799999999999955e+02
1.139970000000000027e+03
2.024490000000000123e+02
2.128720000000000141e+02
1.766639999999999873e+02
1.728290000000000077e+02
1.858089999999999975e+02
1.172650000000000091e+03
2.240550000000000068e+02
2.354670000000000130e+02
1.872500000000000000e+02
1.847539999999999907e+02
2.034530000000000030e+02
1.450490000000000009e+03
2.547439999999999998e+02
2.727599999999999909e+02
1.790680000000000121e+02
1.737119999999999891e+02
1.884149999999999920e+02
1.484380000000000109e+03
2.423509999999999991e+02
2.566610000000000014e+02
2.023770000000000095e+02
1.965670000000000073e+02
2.162189999999999941e+02
1.517279999999999973e+03
2.647350000000000136e+02
2.862889999999999873e+02
2.107820000000000107e+02
2.094310000000000116e+02
2.295989999999999895e+02
1.787339999999999918e+03
2.936370000000000005e+02
3.160899999999999750e+02
2.033489999999999895e+02
1.969509999999999934e+02
2.145999999999999943e+02
1.828589999999999918e+03
2.826480000000000246e+02
2.996370000000000005e+02
2.268410000000000082e+02
2.195120000000000005e+02
2.426260000000000048e+02
1.862609999999999900e+03
3.048609999999999900e+02
3.329010000000000105e+02
2.361409999999999911e+02
2.333710000000000093e+02
2.559180000000000064e+02
2.125260000000000218e+03
3.345190000000000055e+02
3.596209999999999809e+02
2.266200000000000045e+02
2.202009999999999934e+02
2.411740000000000066e+02
2.177530000000000200e+03
3.227989999999999782e+02
3.428039999999999736e+02
2.510500000000000114e+02
2.432709999999999866e+02
2.710409999999999968e+02
2.218929999999999836e+03
3.457490000000000236e+02
3.771639999999999873e+02
2.611179999999999950e+02
2.566949999999999932e+02
2.831549999999999727e+02
2.460489999999999782e+03
3.767130000000000223e+02
4.009940000000000282e+02
2.509559999999999889e+02
2.429039999999999964e+02
2.675620000000000118e+02
2.520679999999999836e+03
3.626179999999999950e+02
3.866070000000000277e+02
2.752239999999999895e+02
2.661100000000000136e+02
2.973290000000000077e+02
2.560800000000000182e+03
3.890360000000000014e+02
4.232570000000000050e+02
2.863100000000000023e+02
2.802760000000000105e+02
3.098039999999999736e+02
2.798289999999999964e+03
4.175790000000000077e+02
4.465620000000000118e+02
2.747320000000000277e+02
2.660280000000000200e+02
2.940620000000000118e+02
2.867059999999999945e+03
4.030020000000000095e+02
4.303210000000000264e+02
2.993559999999999945e+02
2.920810000000000173e+02
3.271309999999999718e+02
2.912269999999999982e+03
4.303570000000000277e+02
4.669429999999999836e+02
3.116589999999999918e+02
3.020099999999999909e+02
3.341730000000000018e+02
3.134179999999999836e+03
4.563570000000000277e+02
4.904350000000000023e+02
2.991829999999999927e+02
2.888779999999999859e+02
3.214789999999999850e+02
3.217510000000000218e+03
4.420939999999999941e+02
4.736870000000000118e+02
3.237239999999999895e+02
3.160409999999999968e+02
3.526309999999999718e+02
3.261659999999999854e+03
4.715129999999999768e+02
5.108299999999999841e+02
1.857560000000000002e+02
1.873669999999999902e+02
2.055029999999999859e+02
1.453200000000000045e+03
2.542620000000000005e+02
2.722749999999999773e+02
1.788160000000000025e+02
1.742319999999999993e+02
1.887280000000000086e+02
1.493910000000000082e+03
2.430219999999999914e+02
2.566399999999999864e+02
2.021390000000000100e+02
1.962849999999999966e+02
2.175819999999999936e+02
1.527690000000000055e+03
2.649870000000000232e+02
2.835649999999999977e+02
2.130960000000000036e+02
2.091419999999999959e+02
2.316870000000000118e+02
1.790650000000000091e+03
2.951000000000000227e+02
3.166399999999999864e+02
2.035120000000000005e+02
1.970240000000000009e+02
2.150310000000000059e+02
1.836700000000000045e+03
2.827850000000000250e+02
3.004479999999999791e+02
2.267899999999999920e+02
2.195689999999999884e+02
2.452930000000000064e+02
1.875130000000000109e+03
3.048600000000000136e+02
3.331809999999999832e+02
2.368089999999999975e+02
2.335409999999999968e+02
2.583050000000000068e+02
2.124840000000000146e+03
3.344619999999999891e+02
3.600810000000000173e+02
2.278369999999999891e+02
2.203029999999999973e+02
2.415680000000000121e+02
2.182010000000000218e+03
3.231129999999999995e+02
3.435319999999999823e+02
2.510229999999999961e+02
2.430960000000000036e+02
2.743659999999999854e+02
2.222269999999999982e+03
3.456000000000000227e+02
3.768450000000000273e+02
2.627069999999999936e+02
2.568170000000000073e+02
2.846159999999999854e+02
2.462679999999999836e+03
3.769820000000000277e+02
4.030280000000000200e+02
2.513389999999999986e+02
2.436599999999999966e+02
2.678509999999999991e+02
2.528260000000000218e+03
3.631080000000000041e+02
3.869119999999999777e+02
2.754630000000000223e+02
2.695330000000000155e+02
3.004800000000000182e+02
2.565489999999999782e+03
3.893809999999999718e+02
4.233629999999999995e+02
2.874159999999999968e+02
2.808090000000000259e+02
3.113330000000000268e+02
2.799900000000000091e+03
4.172450000000000045e+02
4.466440000000000055e+02
2.747909999999999968e+02
2.661129999999999995e+02
2.942839999999999918e+02
2.872030000000000200e+03
4.035219999999999914e+02
4.302669999999999959e+02
2.993360000000000127e+02
2.927040000000000077e+02
3.272389999999999759e+02
2.913510000000000218e+03
4.299390000000000214e+02
4.669470000000000027e+02
3.119010000000000105e+02
3.015740000000000123e+02
3.362250000000000227e+02
3.139139999999999873e+03
4.564719999999999800e+02
4.912099999999999795e+02
2.996800000000000068e+02
2.886619999999999777e+02
3.208589999999999804e+02
3.229869999999999891e+03
4.429470000000000027e+02
4.754329999999999927e+02
3.235059999999999718e+02
3.170880000000000223e+02
3.575799999999999841e+02
3.266039999999999964e+03
4.714900000000000091e+02
5.115000000000000000e+02
3.358190000000000168e+02
3.251519999999999868e+02
3.626419999999999959e+02
3.473989999999999782e+03
4.966100000000000136e+02
5.353350000000000364e+02
3.222730000000000246e+02
3.117139999999999986e+02
3.475880000000000223e+02
3.569480000000000018e+03
4.821759999999999877e+02
5.187609999999999673e+02
3.476190000000000282e+02
3.398600000000000136e+02
3.834340000000000259e+02
3.612590000000000146e+03
5.119289999999999736e+02
5.553840000000000146e+02
2.122290000000000134e+02
2.099070000000000107e+02
2.326510000000000105e+02
1.790230000000000018e+03
2.956419999999999959e+02
3.177719999999999914e+02
2.034720000000000084e+02
1.974540000000000077e+02
2.154240000000000066e+02
1.847109999999999900e+03
2.834150000000000205e+02
3.005000000000000000e+02
2.268969999999999914e+02
2.199900000000000091e+02
2.457470000000000141e+02
1.882609999999999900e+03
3.060049999999999955e+02
3.311150000000000091e+02
2.386270000000000095e+02
2.335560000000000116e+02
2.578369999999999891e+02
2.128460000000000036e+03
3.352900000000000205e+02
3.609420000000000073e+02
2.275989999999999895e+02
2.203100000000000023e+02
2.427949999999999875e+02
2.190969999999999800e+03
3.231190000000000282e+02
3.452769999999999868e+02
2.512920000000000016e+02
2.430579999999999927e+02
2.737119999999999891e+02
2.230170000000000073e+03
3.483229999999999791e+02
3.801840000000000259e+02
2.631639999999999873e+02
2.575600000000000023e+02
2.844929999999999950e+02
2.462039999999999964e+03
3.770079999999999814e+02
4.038650000000000091e+02
2.518369999999999891e+02
2.434890000000000043e+02
2.693170000000000073e+02
2.537750000000000000e+03
3.638600000000000136e+02
3.890249999999999773e+02
2.753620000000000232e+02
2.693700000000000045e+02
3.009630000000000223e+02
2.574139999999999873e+03
3.901730000000000018e+02
4.239139999999999873e+02
2.869859999999999900e+02
2.812080000000000268e+02
3.109830000000000041e+02
2.801250000000000000e+03
4.176059999999999945e+02
4.481000000000000227e+02
2.761250000000000000e+02
2.665590000000000259e+02
2.956089999999999804e+02
2.881880000000000109e+03
4.034010000000000105e+02
4.318570000000000277e+02
2.999289999999999736e+02
2.926920000000000073e+02
3.302509999999999764e+02
2.922820000000000164e+03
4.302939999999999827e+02
4.671999999999999886e+02
3.110899999999999750e+02
3.019490000000000123e+02
3.373039999999999736e+02
3.134539999999999964e+03
4.570090000000000146e+02
4.918709999999999809e+02
2.996009999999999991e+02
2.897850000000000250e+02
3.226809999999999832e+02
3.225500000000000000e+03
4.434639999999999986e+02
4.762649999999999864e+02
3.233349999999999795e+02
3.173729999999999905e+02
3.566050000000000182e+02
3.265150000000000091e+03
4.718600000000000136e+02
5.115029999999999859e+02
3.352649999999999864e+02
3.251159999999999854e+02
3.638530000000000086e+02
3.472860000000000127e+03
4.978779999999999859e+02
5.359740000000000464e+02
3.229820000000000277e+02
3.119859999999999900e+02
3.490520000000000209e+02
3.576619999999999891e+03
4.834940000000000282e+02
5.190960000000000036e+02
3.475620000000000118e+02
3.398460000000000036e+02
3.833519999999999754e+02
3.620309999999999945e+03
5.125819999999999936e+02
5.583650000000000091e+02
3.607599999999999909e+02
3.490629999999999882e+02
3.905219999999999914e+02
3.812030000000000200e+03
5.374679999999999609e+02
5.797000000000000455e+02
3.477620000000000005e+02
3.354560000000000173e+02
3.755129999999999768e+02
3.921210000000000036e+03
5.225289999999999964e+02
5.627670000000000528e+02
3.727760000000000105e+02
3.663899999999999864e+02
4.099130000000000109e+02
3.972309999999999945e+03
5.559429999999999836e+02
6.018390000000000555e+02
2.384770000000000039e+02
2.341829999999999927e+02
2.576720000000000255e+02
2.128340000000000146e+03
3.353679999999999950e+02
3.596650000000000205e+02
2.276810000000000116e+02
2.206539999999999964e+02
2.429809999999999945e+02
2.199139999999999873e+03
3.234460000000000264e+02
3.454239999999999782e+02
2.510900000000000034e+02
2.457669999999999959e+02
2.750230000000000246e+02
2.234170000000000073e+03
3.495459999999999923e+02
3.778319999999999936e+02
2.627869999999999777e+02
2.579490000000000123e+02
2.852219999999999800e+02
2.465739999999999782e+03
3.772669999999999959e+02
4.043190000000000168e+02
2.520300000000000011e+02
2.433720000000000141e+02
2.703720000000000141e+02
2.541800000000000182e+03
3.637130000000000223e+02
3.893509999999999991e+02
2.759979999999999905e+02
2.696449999999999818e+02
3.038269999999999982e+02
2.578000000000000000e+03
3.904379999999999882e+02
4.236970000000000027e+02
2.876460000000000150e+02
2.816809999999999832e+02
3.122579999999999814e+02
2.801969999999999800e+03
4.176589999999999918e+02
4.479440000000000168e+02
2.758340000000000032e+02
2.666179999999999950e+02
2.959039999999999964e+02
2.885820000000000164e+03
4.036630000000000109e+02
4.326580000000000155e+02
2.995749999999999886e+02
2.926440000000000055e+02
3.300740000000000123e+02
2.921289999999999964e+03
4.302409999999999854e+02
4.670529999999999973e+02
3.121739999999999782e+02
3.021580000000000155e+02
3.376190000000000282e+02
3.137409999999999854e+03
4.572540000000000191e+02
4.920280000000000200e+02
3.000219999999999914e+02
2.905570000000000164e+02
3.228340000000000032e+02
3.229500000000000000e+03
4.440649999999999977e+02
4.753770000000000095e+02
3.239959999999999809e+02
3.174959999999999809e+02
3.565980000000000132e+02
3.270260000000000218e+03
4.728120000000000118e+02
5.144629999999999654e+02
3.354950000000000045e+02
3.261059999999999945e+02
3.639900000000000091e+02
3.479769999999999982e+03
4.976440000000000055e+02
5.354470000000000027e+02
3.225489999999999782e+02
3.125860000000000127e+02
3.496800000000000068e+02
3.570449999999999818e+03
4.837320000000000277e+02
5.204500000000000455e+02
3.504159999999999968e+02
3.401560000000000059e+02
3.843609999999999900e+02
3.620050000000000182e+03
5.159600000000000364e+02
5.581720000000000255e+02
3.607470000000000141e+02
3.501750000000000114e+02
3.907289999999999850e+02
3.815900000000000091e+03
5.384600000000000364e+02
5.796130000000000564e+02
3.476510000000000105e+02
3.352669999999999959e+02
3.755500000000000114e+02
3.935840000000000146e+03
5.234039999999999964e+02
5.663160000000000309e+02
3.755219999999999914e+02
3.667549999999999955e+02
4.139030000000000200e+02
3.974929999999999836e+03
5.561390000000000100e+02
6.020579999999999927e+02
3.848820000000000050e+02
3.741659999999999968e+02
4.167660000000000196e+02
4.151029999999999745e+03
5.784389999999999645e+02
6.241459999999999582e+02
3.717060000000000173e+02
3.572339999999999804e+02
4.036549999999999727e+02
4.267319999999999709e+03
5.640879999999999654e+02
6.090119999999999436e+02
3.994820000000000277e+02
3.901440000000000055e+02
4.408140000000000214e+02
4.313770000000000437e+03
5.966200000000000045e+02
6.453859999999999673e+02
1.109459999999999980e+02
1.116170000000000044e+02
1.172939999999999969e+02
4.447970000000000255e+02
1.273949999999999960e+02
1.365310000000000059e+02
1.080190000000000055e+02
1.060379999999999967e+02
1.095270000000000010e+02
4.198639999999999759e+02
1.232909999999999968e+02
1.268160000000000025e+02
1.379079999999999870e+02
1.355879999999999939e+02
1.391469999999999914e+02
4.495129999999999768e+02
1.524430000000000121e+02
1.562589999999999861e+02
1.402940000000000111e+02
1.432139999999999986e+02
1.515629999999999882e+02
7.905090000000000146e+02
1.774960000000000093e+02
1.811169999999999902e+02
1.316930000000000121e+02
1.292189999999999941e+02
1.361210000000000093e+02
7.572450000000000045e+02
1.631899999999999977e+02
1.700910000000000082e+02
1.615399999999999920e+02
1.587309999999999945e+02
1.660029999999999859e+02
7.874950000000000045e+02
1.925929999999999893e+02
2.000629999999999882e+02
1.683309999999999889e+02
1.702239999999999895e+02
1.805469999999999970e+02
1.140690000000000055e+03
2.194720000000000084e+02
2.273290000000000077e+02
1.562050000000000125e+02
1.523660000000000139e+02
1.626330000000000098e+02
1.100700000000000045e+03
2.028849999999999909e+02
2.128350000000000080e+02
1.860540000000000020e+02
1.817359999999999900e+02
1.925860000000000127e+02
1.125900000000000091e+03
2.320660000000000025e+02
2.431810000000000116e+02
1.936210000000000093e+02
1.936299999999999955e+02
2.075980000000000132e+02
1.493490000000000009e+03
2.605009999999999764e+02
2.729680000000000177e+02
1.799389999999999930e+02
1.758209999999999980e+02
1.887740000000000009e+02
1.438079999999999927e+03
2.432479999999999905e+02
2.552520000000000095e+02
2.099919999999999902e+02
2.048629999999999995e+02
2.193319999999999936e+02
1.466109999999999900e+03
2.717679999999999723e+02
2.878949999999999818e+02
2.200250000000000057e+02
2.153629999999999995e+02
2.319439999999999884e+02
1.854839999999999918e+03
3.022099999999999795e+02
3.150830000000000268e+02
2.045610000000000070e+02
1.986229999999999905e+02
2.154410000000000025e+02
1.778539999999999964e+03
2.816370000000000005e+02
2.977180000000000177e+02
2.343919999999999959e+02
2.280190000000000055e+02
2.461409999999999911e+02
1.804900000000000091e+03
3.105559999999999832e+02
3.308729999999999905e+02
2.444170000000000016e+02
2.403590000000000089e+02
2.596329999999999814e+02
2.197900000000000091e+03
3.403430000000000177e+02
3.588570000000000277e+02
2.285730000000000075e+02
2.215929999999999893e+02
2.421090000000000089e+02
2.122920000000000073e+03
3.218890000000000100e+02
3.485559999999999832e+02
2.583990000000000009e+02
2.510300000000000011e+02
2.724669999999999845e+02
2.149389999999999873e+03
3.498229999999999791e+02
3.738109999999999786e+02
1.110040000000000049e+02
1.155570000000000022e+02
1.271419999999999959e+02
4.670849999999999795e+02
1.298720000000000141e+02
1.393930000000000007e+02
1.034899999999999949e+02
1.039590000000000032e+02
1.100400000000000063e+02
4.286739999999999782e+02
1.213449999999999989e+02
1.267759999999999962e+02
1.220759999999999934e+02
1.244279999999999973e+02
1.406819999999999879e+02
4.603559999999999945e+02
1.443870000000000005e+02
1.572150000000000034e+02
1.434960000000000093e+02
1.474159999999999968e+02
1.624610000000000127e+02
8.180399999999999636e+02
1.817529999999999859e+02
1.943499999999999943e+02
1.330790000000000077e+02
1.292549999999999955e+02
1.365300000000000011e+02
7.622559999999999718e+02
1.627299999999999898e+02
1.703750000000000000e+02
1.643309999999999889e+02
1.543329999999999984e+02
1.682309999999999945e+02
8.069510000000000218e+02
1.931100000000000136e+02
2.026690000000000111e+02
1.733420000000000130e+02
1.737189999999999941e+02
1.931049999999999898e+02
1.162170000000000073e+03
2.238720000000000141e+02
2.466980000000000075e+02
1.571220000000000141e+02
1.524029999999999916e+02
1.630279999999999916e+02
1.098599999999999909e+03
2.030219999999999914e+02
2.134830000000000041e+02
1.889029999999999916e+02
1.839720000000000084e+02
1.953000000000000114e+02
1.149220000000000027e+03
2.337030000000000030e+02
2.496270000000000095e+02
1.999550000000000125e+02
2.016630000000000109e+02
2.197379999999999995e+02
1.512480000000000018e+03
2.713949999999999818e+02
2.901589999999999918e+02
1.816160000000000139e+02
1.755269999999999868e+02
1.895010000000000048e+02
1.440329999999999927e+03
2.427649999999999864e+02
2.562839999999999918e+02
2.136080000000000041e+02
2.080269999999999868e+02
2.263089999999999975e+02
1.485529999999999973e+03
2.741920000000000073e+02
2.943799999999999955e+02
2.238290000000000077e+02
2.286320000000000050e+02
2.473189999999999884e+02
1.863569999999999936e+03
3.127869999999999777e+02
3.326179999999999950e+02
2.055159999999999911e+02
1.986330000000000098e+02
2.157800000000000011e+02
1.782180000000000064e+03
2.827860000000000014e+02
3.005029999999999859e+02
2.382210000000000036e+02
2.316320000000000050e+02
2.564080000000000155e+02
1.828210000000000036e+03
3.140190000000000055e+02
3.419130000000000109e+02
2.505370000000000061e+02
2.537969999999999970e+02
2.761850000000000023e+02
2.223409999999999854e+03
3.528629999999999995e+02
3.760330000000000155e+02
2.295550000000000068e+02
2.224250000000000114e+02
2.424180000000000064e+02
2.123170000000000073e+03
3.236490000000000009e+02
3.435710000000000264e+02
2.625140000000000100e+02
2.553669999999999902e+02
2.851080000000000041e+02
2.173849999999999909e+03
3.569110000000000014e+02
3.899279999999999973e+02
2.786859999999999786e+02
2.766449999999999818e+02
3.029200000000000159e+02
2.571070000000000164e+03
3.942169999999999845e+02
4.143229999999999791e+02
2.540159999999999911e+02
2.449060000000000059e+02
2.691120000000000232e+02
2.464670000000000073e+03
3.624100000000000250e+02
3.837789999999999964e+02
2.869379999999999882e+02
2.826209999999999809e+02
3.153679999999999950e+02
2.514900000000000091e+03
3.978690000000000282e+02
4.325059999999999718e+02
1.437390000000000043e+02
1.506620000000000061e+02
1.655269999999999868e+02
8.251449999999999818e+02
1.787849999999999966e+02
1.959509999999999934e+02
1.301459999999999866e+02
1.300260000000000105e+02
1.376399999999999864e+02
7.706130000000000564e+02
1.641759999999999877e+02
1.726440000000000055e+02
1.506080000000000041e+02
1.575039999999999907e+02
1.703420000000000130e+02
8.164460000000000264e+02
1.938959999999999866e+02
2.025960000000000036e+02
1.751529999999999916e+02
1.781349999999999909e+02
1.970149999999999864e+02
1.168279999999999973e+03
2.301779999999999973e+02
2.469600000000000080e+02
1.580349999999999966e+02
1.535399999999999920e+02
1.644209999999999923e+02
1.104359999999999900e+03
2.042539999999999907e+02
2.159600000000000080e+02
1.837110000000000127e+02
1.843750000000000000e+02
2.032620000000000005e+02
1.156180000000000064e+03
2.343499999999999943e+02
2.572130000000000223e+02
2.010300000000000011e+02
2.042359999999999900e+02
2.228449999999999989e+02
1.518420000000000073e+03
2.728109999999999786e+02
2.940910000000000082e+02
1.818660000000000139e+02
1.766699999999999875e+02
1.910660000000000025e+02
1.443069999999999936e+03
2.446529999999999916e+02
2.594069999999999823e+02
2.134629999999999939e+02
2.080560000000000116e+02
2.332700000000000102e+02
1.496059999999999945e+03
2.743720000000000141e+02
3.034030000000000200e+02
2.293009999999999877e+02
2.298619999999999948e+02
2.515540000000000020e+02
1.866559999999999945e+03
3.144780000000000086e+02
3.390520000000000209e+02
2.066299999999999955e+02
1.997419999999999902e+02
2.176889999999999930e+02
1.780220000000000027e+03
2.844719999999999800e+02
3.029460000000000264e+02
2.383739999999999952e+02
2.356150000000000091e+02
2.598469999999999800e+02
1.839220000000000027e+03
3.186299999999999955e+02
3.510430000000000064e+02
2.552270000000000039e+02
2.555480000000000018e+02
2.800029999999999859e+02
2.218150000000000091e+03
3.537830000000000155e+02
3.815720000000000027e+02
2.303329999999999984e+02
2.230469999999999970e+02
2.440130000000000052e+02
2.123230000000000018e+03
3.244529999999999745e+02
3.459700000000000273e+02
2.625219999999999914e+02
2.595090000000000146e+02
2.890779999999999745e+02
2.177820000000000164e+03
3.617370000000000232e+02
3.938419999999999845e+02
2.808509999999999991e+02
2.777930000000000064e+02
3.054580000000000268e+02
2.570550000000000182e+03
3.969479999999999791e+02
4.182900000000000205e+02
2.546990000000000123e+02
2.463559999999999945e+02
2.706259999999999764e+02
2.466730000000000018e+03
3.649200000000000159e+02
3.875470000000000255e+02
2.866510000000000105e+02
2.825059999999999718e+02
3.156220000000000141e+02
2.521280000000000200e+03
4.034440000000000168e+02
4.384100000000000250e+02
3.074490000000000123e+02
3.017669999999999959e+02
3.319669999999999845e+02
2.918980000000000018e+03
4.387200000000000273e+02
4.608709999999999809e+02
2.785389999999999873e+02
2.692479999999999905e+02
2.974110000000000014e+02
2.807769999999999982e+03
4.030190000000000055e+02
4.296630000000000109e+02
3.118620000000000232e+02
3.095070000000000050e+02
3.463029999999999973e+02
2.865860000000000127e+03
4.423650000000000091e+02
4.890020000000000095e+02
1.760200000000000102e+02
1.789739999999999895e+02
1.997940000000000111e+02
1.179130000000000109e+03
2.310039999999999907e+02
2.461819999999999879e+02
1.580560000000000116e+02
1.536430000000000007e+02
1.655869999999999891e+02
1.112940000000000055e+03
2.049319999999999879e+02
2.166220000000000141e+02
1.835120000000000005e+02
1.846519999999999868e+02
2.063300000000000125e+02
1.162569999999999936e+03
2.349350000000000023e+02
2.529579999999999984e+02
1.999480000000000075e+02
2.050420000000000016e+02
2.256779999999999973e+02
1.526490000000000009e+03
2.741519999999999868e+02
2.947860000000000014e+02
1.828050000000000068e+02
1.768079999999999927e+02
1.918400000000000034e+02
1.447029999999999973e+03
2.448720000000000141e+02
2.600149999999999864e+02
2.143340000000000032e+02
2.089130000000000109e+02
2.337959999999999923e+02
1.501640000000000100e+03
2.779060000000000059e+02
3.039820000000000277e+02
2.317500000000000000e+02
2.310260000000000105e+02
2.531030000000000086e+02
1.875109999999999900e+03
3.126809999999999832e+02
3.409789999999999850e+02
2.072220000000000084e+02
2.005260000000000105e+02
2.181059999999999945e+02
1.785650000000000091e+03
2.846399999999999864e+02
3.030430000000000064e+02
2.388940000000000055e+02
2.350759999999999934e+02
2.638399999999999750e+02
1.837240000000000009e+03
3.213299999999999841e+02
3.515249999999999773e+02
2.549379999999999882e+02
2.527690000000000055e+02
2.807490000000000236e+02
2.220440000000000055e+03
3.540559999999999832e+02
3.841689999999999827e+02
2.313689999999999998e+02
2.233839999999999861e+02
2.445929999999999893e+02
2.130539999999999964e+03
3.249580000000000268e+02
3.460679999999999836e+02
2.637980000000000018e+02
2.599119999999999777e+02
2.939069999999999823e+02
2.176760000000000218e+03
3.631730000000000018e+02
4.001089999999999804e+02
2.820140000000000100e+02
2.785450000000000159e+02
3.079510000000000218e+02
2.573210000000000036e+03
3.997610000000000241e+02
4.237629999999999768e+02
2.555409999999999968e+02
2.464439999999999884e+02
2.711859999999999786e+02
2.466789999999999964e+03
3.649259999999999877e+02
3.899110000000000014e+02
2.876109999999999900e+02
2.873419999999999845e+02
3.206449999999999818e+02
2.529489999999999782e+03
4.040230000000000246e+02
4.431960000000000264e+02
3.088249999999999886e+02
3.030849999999999795e+02
3.349049999999999727e+02
2.925110000000000127e+03
4.396379999999999768e+02
4.666240000000000236e+02
2.796739999999999782e+02
2.695079999999999814e+02
2.975649999999999977e+02
2.807559999999999945e+03
4.046770000000000209e+02
4.338919999999999959e+02
3.155040000000000191e+02
3.100579999999999927e+02
3.469549999999999841e+02
2.868690000000000055e+03
4.433109999999999786e+02
4.881689999999999827e+02
3.343399999999999750e+02
3.243380000000000223e+02
3.588539999999999850e+02
3.268119999999999891e+03
4.763729999999999905e+02
5.083570000000000277e+02
3.047149999999999750e+02
2.929279999999999973e+02
3.247289999999999850e+02
3.153059999999999945e+03
4.444139999999999873e+02
4.733949999999999818e+02
3.397900000000000205e+02
3.361019999999999754e+02
3.731539999999999964e+02
3.200849999999999909e+03
4.851419999999999959e+02
5.311209999999999809e+02
2.057079999999999984e+02
2.063489999999999895e+02
2.266430000000000007e+02
1.532119999999999891e+03
2.743700000000000045e+02
2.920369999999999777e+02
1.823029999999999973e+02
1.772450000000000045e+02
1.921359999999999957e+02
1.456170000000000073e+03
2.454410000000000025e+02
2.603509999999999991e+02
2.139989999999999952e+02
2.120819999999999936e+02
2.376759999999999877e+02
1.509529999999999973e+03
2.780369999999999777e+02
3.020269999999999868e+02
2.337810000000000059e+02
2.317210000000000036e+02
2.553350000000000080e+02
1.876759999999999991e+03
3.163129999999999882e+02
3.418860000000000241e+02
2.075389999999999873e+02
2.002280000000000086e+02
2.194790000000000134e+02
1.789980000000000018e+03
2.856779999999999973e+02
3.038389999999999986e+02
2.392400000000000091e+02
2.354830000000000041e+02
2.674929999999999950e+02
1.842380000000000109e+03
3.216159999999999854e+02
3.556750000000000114e+02
2.575289999999999964e+02
2.525649999999999977e+02
2.812819999999999823e+02
2.226599999999999909e+03
3.588269999999999982e+02
3.866240000000000236e+02
2.311469999999999914e+02
2.235620000000000118e+02
2.451680000000000064e+02
2.128960000000000036e+03
3.259159999999999968e+02
3.469470000000000027e+02
2.630509999999999877e+02
2.598299999999999841e+02
2.939889999999999759e+02
2.188480000000000018e+03
3.629619999999999891e+02
3.993639999999999759e+02
2.831320000000000050e+02
2.785769999999999982e+02
3.109499999999999886e+02
2.576679999999999836e+03
3.988799999999999955e+02
4.259970000000000141e+02
2.564839999999999804e+02
2.466119999999999948e+02
2.715849999999999795e+02
2.470400000000000091e+03
3.654359999999999786e+02
3.904839999999999804e+02
2.913399999999999750e+02
2.869119999999999777e+02
3.243820000000000050e+02
2.528039999999999964e+03
4.045590000000000259e+02
4.435849999999999795e+02
3.098580000000000041e+02
3.027610000000000241e+02
3.372819999999999823e+02
2.918119999999999891e+03
4.398299999999999841e+02
4.685790000000000077e+02
2.798410000000000082e+02
2.705450000000000159e+02
2.980729999999999791e+02
2.804550000000000182e+03
4.059759999999999991e+02
4.333960000000000150e+02
3.159499999999999886e+02
3.103489999999999895e+02
3.518530000000000086e+02
2.865650000000000091e+03
4.441929999999999836e+02
4.879879999999999995e+02
3.360000000000000000e+02
3.245210000000000150e+02
3.609759999999999991e+02
3.266219999999999800e+03
4.777479999999999905e+02
5.106499999999999773e+02
3.044739999999999895e+02
2.931779999999999973e+02
3.248509999999999991e+02
3.151090000000000146e+03
4.456800000000000068e+02
4.767269999999999754e+02
3.404119999999999777e+02
3.360240000000000009e+02
3.794110000000000014e+02
3.202269999999999982e+03
4.874669999999999845e+02
5.356140000000000327e+02
3.584809999999999945e+02
3.484889999999999759e+02
3.873809999999999718e+02
3.616980000000000018e+03
5.180910000000000082e+02
5.533559999999999945e+02
3.275729999999999791e+02
3.168849999999999909e+02
3.518179999999999836e+02
3.494519999999999982e+03
4.858279999999999745e+02
5.197490000000000236e+02
3.682509999999999764e+02
3.594340000000000259e+02
4.052810000000000059e+02
3.541630000000000109e+03
5.254690000000000509e+02
5.789660000000000082e+02
2.318919999999999959e+02
2.328329999999999984e+02
2.536930000000000121e+02
1.885710000000000036e+03
3.157959999999999923e+02
3.371720000000000255e+02
2.075730000000000075e+02
2.005600000000000023e+02
2.190550000000000068e+02
1.800990000000000009e+03
2.861750000000000114e+02
3.042400000000000091e+02
2.395440000000000111e+02
2.391879999999999882e+02
2.677740000000000009e+02
1.856029999999999973e+03
3.221129999999999995e+02
3.519839999999999804e+02
2.588039999999999736e+02
2.538129999999999882e+02
2.862080000000000268e+02
2.231619999999999891e+03
3.582370000000000232e+02
3.870160000000000196e+02
2.322580000000000098e+02
2.245080000000000098e+02
2.458890000000000100e+02
2.133170000000000073e+03
3.259470000000000027e+02
3.488260000000000218e+02
2.642149999999999750e+02
2.640179999999999723e+02
2.981499999999999773e+02
2.190030000000000200e+03
3.631560000000000059e+02
3.993450000000000273e+02
2.838589999999999804e+02
2.786630000000000109e+02
3.125360000000000014e+02
2.579530000000000200e+03
3.979820000000000277e+02
4.265020000000000095e+02
2.570960000000000036e+02
2.467789999999999964e+02
2.735260000000000105e+02
2.471869999999999891e+03
3.659889999999999759e+02
3.922189999999999941e+02
2.916200000000000045e+02
2.873770000000000095e+02
3.250360000000000014e+02
2.529510000000000218e+03
4.052950000000000159e+02
4.439399999999999977e+02
3.107029999999999745e+02
3.038190000000000168e+02
3.394189999999999827e+02
2.922519999999999982e+03
4.394519999999999982e+02
4.703849999999999909e+02
2.813389999999999986e+02
2.698659999999999854e+02
2.998969999999999914e+02
2.811889999999999873e+03
4.058870000000000005e+02
4.363129999999999882e+02
3.172459999999999809e+02
3.105009999999999764e+02
3.522160000000000082e+02
2.869159999999999854e+03
4.490520000000000209e+02
4.927280000000000086e+02
3.369180000000000064e+02
3.252939999999999827e+02
3.617599999999999909e+02
3.276239999999999782e+03
4.779110000000000014e+02
5.125190000000000055e+02
3.048000000000000114e+02
2.937459999999999809e+02
3.267219999999999800e+02
3.150119999999999891e+03
4.455459999999999923e+02
4.789739999999999895e+02
3.441360000000000241e+02
3.366960000000000264e+02
3.799130000000000109e+02
3.202820000000000164e+03
4.875140000000000100e+02
5.364710000000000036e+02
3.612350000000000136e+02
3.486560000000000059e+02
3.886419999999999959e+02
3.623050000000000182e+03
5.186050000000000182e+02
5.551749999999999545e+02
3.293290000000000077e+02
3.163799999999999955e+02
3.536999999999999886e+02
3.486820000000000164e+03
4.858389999999999986e+02
5.223659999999999854e+02
3.685330000000000155e+02
3.595939999999999941e+02
4.111970000000000027e+02
3.540489999999999782e+03
5.266480000000000246e+02
5.799729999999999563e+02
3.835470000000000255e+02
3.723410000000000082e+02
4.151000000000000227e+02
3.974949999999999818e+03
5.590570000000000164e+02
5.964539999999999509e+02
3.536469999999999914e+02
3.402080000000000268e+02
3.799189999999999827e+02
3.832090000000000146e+03
5.255030000000000427e+02
5.642559999999999718e+02
3.955280000000000200e+02
3.877280000000000086e+02
4.378790000000000191e+02
3.892909999999999854e+03
5.729360000000000355e+02
6.230130000000000337e+02
2.584529999999999745e+02
2.581519999999999868e+02
2.847479999999999905e+02
2.240130000000000109e+03
3.574780000000000086e+02
3.850289999999999964e+02
2.317129999999999939e+02
2.238480000000000132e+02
2.469370000000000118e+02
2.142690000000000055e+03
3.265889999999999986e+02
3.492830000000000155e+02
2.661619999999999777e+02
2.659080000000000155e+02
2.991659999999999968e+02
2.202820000000000164e+03
3.671370000000000005e+02
3.991370000000000005e+02
2.861030000000000086e+02
2.792520000000000095e+02
3.139089999999999918e+02
2.579519999999999982e+03
3.977230000000000132e+02
4.280980000000000132e+02
2.568860000000000241e+02
2.469379999999999882e+02
2.741569999999999823e+02
2.478619999999999891e+03
3.667440000000000282e+02
3.931200000000000045e+02
2.921399999999999864e+02
2.872119999999999891e+02
3.303070000000000164e+02
2.533159999999999854e+03
4.056139999999999759e+02
4.491159999999999854e+02
3.112470000000000141e+02
3.035889999999999986e+02
3.403210000000000264e+02
2.925280000000000200e+03
4.391560000000000059e+02
4.725409999999999968e+02
2.806610000000000014e+02
2.701250000000000000e+02
3.004529999999999745e+02
2.813929999999999836e+03
4.068759999999999764e+02
4.366680000000000064e+02
3.166979999999999791e+02
3.144289999999999736e+02
3.560179999999999723e+02
2.871170000000000073e+03
4.498179999999999836e+02
4.922040000000000077e+02
3.368299999999999841e+02
3.252019999999999982e+02
3.633700000000000045e+02
3.276809999999999945e+03
4.777459999999999809e+02
5.156159999999999854e+02
3.059619999999999891e+02
2.936059999999999945e+02
3.274750000000000227e+02
3.152570000000000164e+03
4.468759999999999764e+02
4.795749999999999886e+02
3.449409999999999741e+02
3.366070000000000277e+02
3.846750000000000114e+02
3.208460000000000036e+03
4.884180000000000064e+02
5.353740000000000236e+02
3.621039999999999850e+02
3.490299999999999727e+02
3.900840000000000032e+02
3.617940000000000055e+03
5.184589999999999463e+02
5.595570000000000164e+02
3.289200000000000159e+02
3.165860000000000127e+02
3.537409999999999854e+02
3.493389999999999873e+03
4.866410000000000196e+02
5.233759999999999764e+02
3.683009999999999877e+02
3.597029999999999745e+02
4.117040000000000077e+02
3.546260000000000218e+03
5.322369999999999663e+02
5.798970000000000482e+02
3.842919999999999732e+02
3.724739999999999895e+02
4.164060000000000059e+02
3.975440000000000055e+03
5.592530000000000427e+02
6.011390000000000100e+02
3.544870000000000232e+02
3.397860000000000014e+02
3.803990000000000009e+02
3.832710000000000036e+03
5.258959999999999582e+02
5.694729999999999563e+02
3.951360000000000241e+02
3.877950000000000159e+02
4.381970000000000027e+02
3.894730000000000018e+03
5.716449999999999818e+02
6.282500000000000000e+02
4.099200000000000159e+02
3.964359999999999786e+02
4.430980000000000132e+02
4.327979999999999563e+03
5.997690000000000055e+02
6.401150000000000091e+02
3.771499999999999773e+02
3.628090000000000259e+02
4.071770000000000209e+02
4.175800000000000182e+03
5.673880000000000337e+02
6.158799999999999955e+02
4.190140000000000100e+02
4.116669999999999732e+02
4.642780000000000200e+02
4.236850000000000364e+03
6.111430000000000291e+02
6.715249999999999773e+02
1.212780000000000058e+02
1.242069999999999936e+02
1.378439999999999941e+02
4.724900000000000091e+02
1.371690000000000111e+02
1.511260000000000048e+02
1.217139999999999986e+02
1.201509999999999962e+02
1.242030000000000030e+02
4.512860000000000014e+02
1.373739999999999952e+02
1.412609999999999957e+02
1.449110000000000014e+02
1.425769999999999982e+02
1.468689999999999998e+02
4.720120000000000005e+02
1.610550000000000068e+02
1.648009999999999877e+02
1.579809999999999945e+02
1.681670000000000016e+02
1.700860000000000127e+02
8.253640000000000327e+02
2.022769999999999868e+02
2.052019999999999982e+02
1.462529999999999859e+02
1.430869999999999891e+02
1.514219999999999970e+02
7.972200000000000273e+02
1.775730000000000075e+02
1.853379999999999939e+02
1.685529999999999973e+02
1.656030000000000086e+02
1.738909999999999911e+02
8.216369999999999436e+02
2.007709999999999866e+02
2.088710000000000093e+02
1.858629999999999995e+02
1.942769999999999868e+02
2.027400000000000091e+02
1.184500000000000000e+03
2.453799999999999955e+02
2.515279999999999916e+02
1.697150000000000034e+02
1.659550000000000125e+02
1.786179999999999950e+02
1.151450000000000045e+03
2.175289999999999964e+02
2.293120000000000118e+02
1.924950000000000045e+02
1.883040000000000020e+02
2.012210000000000036e+02
1.173000000000000000e+03
2.418300000000000125e+02
2.530749999999999886e+02
2.182870000000000061e+02
2.135240000000000009e+02
2.336769999999999925e+02
1.533490000000000009e+03
2.892669999999999959e+02
2.950899999999999750e+02
1.940709999999999980e+02
1.887940000000000111e+02
2.047920000000000016e+02
1.496150000000000091e+03
2.586410000000000196e+02
2.731890000000000214e+02
2.166409999999999911e+02
2.111359999999999957e+02
2.281879999999999882e+02
1.525430000000000064e+03
2.811539999999999964e+02
2.981890000000000214e+02
2.410459999999999923e+02
2.429389999999999930e+02
2.586460000000000150e+02
1.890980000000000018e+03
3.285330000000000155e+02
3.421360000000000241e+02
2.179689999999999941e+02
2.112659999999999911e+02
2.339490000000000123e+02
1.853609999999999900e+03
2.976530000000000200e+02
3.168000000000000114e+02
2.405780000000000030e+02
2.339550000000000125e+02
2.545989999999999895e+02
1.874710000000000036e+03
3.212029999999999745e+02
3.416639999999999873e+02
2.666379999999999768e+02
2.778820000000000050e+02
2.931779999999999973e+02
2.249170000000000073e+03
3.640210000000000150e+02
3.885009999999999764e+02
2.413919999999999959e+02
2.348249999999999886e+02
2.601709999999999923e+02
2.210159999999999854e+03
3.383990000000000009e+02
3.578079999999999927e+02
2.650529999999999973e+02
2.571259999999999764e+02
2.830310000000000059e+02
2.231599999999999909e+03
3.616870000000000118e+02
3.843269999999999982e+02
1.234449999999999932e+02
1.315600000000000023e+02
1.489370000000000118e+02
4.991100000000000136e+02
1.419219999999999970e+02
1.613689999999999998e+02
1.125739999999999981e+02
1.156250000000000000e+02
1.245310000000000059e+02
4.553759999999999764e+02
1.336920000000000073e+02
1.417079999999999984e+02
1.275010000000000048e+02
1.313300000000000125e+02
1.488810000000000002e+02
4.813090000000000259e+02
1.528189999999999884e+02
1.664250000000000114e+02
1.649970000000000141e+02
1.710490000000000066e+02
2.007690000000000055e+02
8.603010000000000446e+02
2.003149999999999977e+02
2.327220000000000084e+02
1.464819999999999993e+02
1.432669999999999959e+02
1.518060000000000116e+02
8.098769999999999527e+02
1.772059999999999889e+02
1.855730000000000075e+02
1.709910000000000139e+02
1.658300000000000125e+02
1.768240000000000123e+02
8.450220000000000482e+02
2.027690000000000055e+02
2.127390000000000043e+02
1.982419999999999902e+02
2.093629999999999995e+02
2.280449999999999875e+02
1.219220000000000027e+03
2.591829999999999927e+02
2.761320000000000050e+02
1.706959999999999980e+02
1.663480000000000132e+02
1.801059999999999945e+02
1.163589999999999918e+03
2.171179999999999950e+02
2.316550000000000011e+02
1.960349999999999966e+02
1.912019999999999982e+02
2.105159999999999911e+02
1.200369999999999891e+03
2.430480000000000018e+02
2.652330000000000041e+02
2.233069999999999879e+02
2.359780000000000086e+02
2.532400000000000091e+02
1.570609999999999900e+03
3.041650000000000205e+02
3.255529999999999973e+02
1.947760000000000105e+02
1.891140000000000043e+02
2.099300000000000068e+02
1.517069999999999936e+03
2.573550000000000182e+02
2.797610000000000241e+02
2.207609999999999957e+02
2.160629999999999882e+02
2.438329999999999984e+02
1.557559999999999945e+03
2.865070000000000050e+02
3.167490000000000236e+02
2.603679999999999950e+02
2.572939999999999827e+02
2.877710000000000150e+02
1.948430000000000064e+03
3.443079999999999927e+02
3.752789999999999964e+02
2.187059999999999889e+02
2.117849999999999966e+02
2.379879999999999995e+02
1.871589999999999918e+03
2.994920000000000186e+02
3.253809999999999718e+02
2.451529999999999916e+02
2.422990000000000066e+02
2.749189999999999827e+02
1.902789999999999964e+03
3.322040000000000077e+02
3.660570000000000164e+02
2.896589999999999918e+02
2.901689999999999827e+02
3.163820000000000050e+02
2.292280000000000200e+03
3.847699999999999818e+02
4.187280000000000086e+02
2.432230000000000132e+02
2.375620000000000118e+02
2.670099999999999909e+02
2.224719999999999800e+03
3.406009999999999991e+02
3.711700000000000159e+02
2.690040000000000191e+02
2.666720000000000255e+02
3.005810000000000173e+02
2.272780000000000200e+03
3.737590000000000146e+02
4.089180000000000064e+02
3.131309999999999718e+02
3.100720000000000027e+02
3.444879999999999995e+02
2.657130000000000109e+03
4.221419999999999959e+02
4.623999999999999773e+02
2.667730000000000246e+02
2.605249999999999773e+02
2.933319999999999936e+02
2.576099999999999909e+03
3.811750000000000114e+02
4.093980000000000246e+02
2.929809999999999945e+02
2.939150000000000205e+02
3.330000000000000000e+02
2.621400000000000091e+03
4.160849999999999795e+02
4.519569999999999936e+02
1.663559999999999945e+02
1.766519999999999868e+02
1.957340000000000089e+02
8.675069999999999482e+02
2.054399999999999977e+02
2.356390000000000100e+02
1.417390000000000043e+02
1.446069999999999993e+02
1.558079999999999927e+02
8.144579999999999700e+02
1.777009999999999934e+02
1.870380000000000109e+02
1.559410000000000025e+02
1.677649999999999864e+02
1.843009999999999877e+02
8.525560000000000400e+02
2.020960000000000036e+02
2.143810000000000002e+02
1.973000000000000114e+02
2.081239999999999952e+02
2.364970000000000141e+02
1.217470000000000027e+03
2.597950000000000159e+02
2.873910000000000196e+02
1.719670000000000130e+02
1.680229999999999961e+02
1.854439999999999884e+02
1.168430000000000064e+03
2.190029999999999859e+02
2.397880000000000109e+02
1.916320000000000050e+02
1.939259999999999877e+02
2.193569999999999993e+02
1.211980000000000018e+03
2.454540000000000077e+02
2.775409999999999968e+02
2.317259999999999991e+02
2.443319999999999936e+02
2.673990000000000009e+02
1.582809999999999945e+03
3.051360000000000241e+02
3.341929999999999836e+02
1.960960000000000036e+02
1.917069999999999936e+02
2.123170000000000073e+02
1.517470000000000027e+03
2.587200000000000273e+02
2.837269999999999754e+02
2.200980000000000132e+02
2.222539999999999907e+02
2.484170000000000016e+02
1.557410000000000082e+03
2.891000000000000227e+02
3.264220000000000255e+02
2.622169999999999845e+02
2.606619999999999777e+02
2.888860000000000241e+02
1.931859999999999900e+03
3.498589999999999804e+02
3.819270000000000209e+02
2.206959999999999980e+02
2.145649999999999977e+02
2.413739999999999952e+02
1.867309999999999945e+03
3.010760000000000218e+02
3.279049999999999727e+02
2.453300000000000125e+02
2.462969999999999970e+02
2.801059999999999945e+02
1.920950000000000045e+03
3.351109999999999900e+02
3.705489999999999782e+02
2.934909999999999854e+02
2.898009999999999877e+02
3.197649999999999864e+02
2.285050000000000182e+03
3.836379999999999768e+02
4.284139999999999873e+02
2.444379999999999882e+02
2.392820000000000107e+02
2.701600000000000250e+02
2.225320000000000164e+03
3.420190000000000055e+02
3.759900000000000091e+02
2.726949999999999932e+02
2.730830000000000268e+02
3.103629999999999995e+02
2.272400000000000091e+03
3.775620000000000118e+02
4.193489999999999895e+02
3.197959999999999923e+02
3.132309999999999945e+02
3.502019999999999982e+02
2.641949999999999818e+03
4.343279999999999745e+02
4.682559999999999718e+02
2.689639999999999986e+02
2.633740000000000236e+02
2.963980000000000246e+02
2.580179999999999836e+03
3.841730000000000018e+02
4.170740000000000123e+02
3.003199999999999932e+02
2.996030000000000086e+02
3.378340000000000032e+02
2.618159999999999854e+03
4.208369999999999891e+02
4.656979999999999791e+02
3.384909999999999854e+02
3.382040000000000077e+02
3.804049999999999727e+02
3.006969999999999800e+03
4.754610000000000127e+02
5.165900000000000318e+02
2.929739999999999895e+02
2.870140000000000100e+02
3.274250000000000114e+02
2.933210000000000036e+03
4.274220000000000255e+02
4.600939999999999941e+02
3.251720000000000255e+02
3.221770000000000209e+02
3.688009999999999877e+02
2.980110000000000127e+03
4.612909999999999968e+02
5.096460000000000150e+02
2.053249999999999886e+02
2.170169999999999959e+02
2.385140000000000100e+02
1.218329999999999927e+03
2.672280000000000086e+02
2.856349999999999909e+02
1.722849999999999966e+02
1.685389999999999873e+02
1.872350000000000136e+02
1.172750000000000000e+03
2.186009999999999991e+02
2.353859999999999957e+02
1.918849999999999909e+02
1.966970000000000027e+02
2.226210000000000093e+02
1.217309999999999945e+03
2.483139999999999930e+02
2.707570000000000050e+02
2.387940000000000111e+02
2.401250000000000000e+02
2.641000000000000227e+02
1.585579999999999927e+03
3.087900000000000205e+02
3.354719999999999800e+02
1.966680000000000064e+02
1.923060000000000116e+02
2.149120000000000061e+02
1.523650000000000091e+03
2.607869999999999777e+02
2.841480000000000246e+02
2.217609999999999957e+02
2.228329999999999984e+02
2.530500000000000114e+02
1.569900000000000091e+03
2.922679999999999723e+02
3.267359999999999900e+02
2.637789999999999964e+02
2.618170000000000073e+02
2.922479999999999905e+02
1.934890000000000100e+03
3.505389999999999873e+02
3.835230000000000246e+02
2.215399999999999920e+02
2.174699999999999989e+02
2.442359999999999900e+02
1.874759999999999991e+03
3.020649999999999977e+02
3.309300000000000068e+02
2.484790000000000134e+02
2.515769999999999982e+02
2.841290000000000191e+02
1.923109999999999900e+03
3.384990000000000236e+02
3.758279999999999745e+02
2.964239999999999782e+02
2.921320000000000050e+02
3.213650000000000091e+02
2.286489999999999782e+03
3.864320000000000164e+02
4.291059999999999945e+02
2.454799999999999898e+02
2.410459999999999923e+02
2.707479999999999905e+02
2.231079999999999927e+03
3.438240000000000123e+02
3.774820000000000277e+02
2.731689999999999827e+02
2.728650000000000091e+02
3.115489999999999782e+02
2.279800000000000182e+03
3.816940000000000168e+02
4.250319999999999823e+02
3.173129999999999882e+02
3.148600000000000136e+02
3.506170000000000186e+02
2.643579999999999927e+03
4.348039999999999736e+02
4.676120000000000232e+02
2.693759999999999764e+02
2.639139999999999873e+02
3.000500000000000114e+02
2.579619999999999891e+03
3.831480000000000246e+02
4.200760000000000218e+02
3.009959999999999809e+02
3.018079999999999927e+02
3.425609999999999786e+02
2.623000000000000000e+03
4.216220000000000141e+02
4.661399999999999864e+02
3.375919999999999845e+02
3.416039999999999850e+02
3.827200000000000273e+02
2.996760000000000218e+03
4.752860000000000014e+02
5.146920000000000073e+02
2.935539999999999736e+02
2.893790000000000191e+02
3.263790000000000191e+02
2.929630000000000109e+03
4.257799999999999727e+02
4.624700000000000273e+02
3.263879999999999768e+02
3.292769999999999868e+02
3.701109999999999900e+02
2.975099999999999909e+03
4.681030000000000086e+02
5.103840000000000146e+02
3.639750000000000227e+02
3.578809999999999718e+02
4.027010000000000218e+02
3.346380000000000109e+03
5.106840000000000259e+02
5.580289999999999964e+02
3.205219999999999914e+02
3.107860000000000014e+02
3.530620000000000118e+02
3.283510000000000218e+03
4.662400000000000091e+02
5.075520000000000209e+02
3.543220000000000027e+02
3.507090000000000032e+02
3.991940000000000168e+02
3.321440000000000055e+03
5.069189999999999827e+02
5.617649999999999864e+02
2.393899999999999864e+02
2.424139999999999873e+02
2.680000000000000000e+02
1.575589999999999918e+03
3.155040000000000191e+02
3.324440000000000168e+02
1.967439999999999998e+02
1.941479999999999961e+02
2.175819999999999936e+02
1.529000000000000000e+03
2.623469999999999800e+02
2.830059999999999718e+02
2.209910000000000139e+02
2.264950000000000045e+02
2.595489999999999782e+02
1.576299999999999955e+03
2.950269999999999868e+02
3.223369999999999891e+02
2.667930000000000064e+02
2.604159999999999968e+02
2.976789999999999736e+02
1.939490000000000009e+03
3.508960000000000150e+02
3.837090000000000032e+02
2.222769999999999868e+02
2.179329999999999927e+02
2.465060000000000002e+02
1.879799999999999955e+03
3.047309999999999945e+02
3.313120000000000118e+02
2.487969999999999970e+02
2.517649999999999864e+02
2.884110000000000014e+02
1.923740000000000009e+03
3.391290000000000191e+02
3.766850000000000023e+02
3.000020000000000095e+02
2.918000000000000114e+02
3.243419999999999845e+02
2.286119999999999891e+03
3.869119999999999777e+02
4.303550000000000182e+02
2.454730000000000132e+02
2.417450000000000045e+02
2.735120000000000005e+02
2.229739999999999782e+03
3.446229999999999905e+02
3.780459999999999923e+02
2.769739999999999895e+02
2.778050000000000068e+02
3.169150000000000205e+02
2.283219999999999800e+03
3.836949999999999932e+02
4.251829999999999927e+02
3.172149999999999750e+02
3.175219999999999914e+02
3.530629999999999882e+02
2.636510000000000218e+03
4.347320000000000277e+02
4.677559999999999718e+02
2.727869999999999777e+02
2.642339999999999804e+02
3.004049999999999727e+02
2.581909999999999854e+03
3.858260000000000218e+02
4.223430000000000177e+02
3.047880000000000109e+02
3.005269999999999868e+02
3.432149999999999750e+02
2.630329999999999927e+03
4.211669999999999732e+02
4.666429999999999723e+02
3.400489999999999782e+02
3.400939999999999941e+02
3.861840000000000259e+02
3.004909999999999854e+03
4.750699999999999932e+02
5.123899999999999864e+02
2.975529999999999973e+02
2.899619999999999891e+02
3.292610000000000241e+02
2.933980000000000018e+03
4.262640000000000100e+02
4.663969999999999914e+02
3.309529999999999745e+02
3.283670000000000186e+02
3.751949999999999932e+02
2.984980000000000018e+03
4.673779999999999859e+02
5.171979999999999791e+02
3.649710000000000036e+02
3.613600000000000136e+02
4.032930000000000064e+02
3.340699999999999818e+03
5.143369999999999891e+02
5.572290000000000418e+02
3.202869999999999777e+02
3.113059999999999832e+02
3.541960000000000264e+02
3.274920000000000073e+03
4.656379999999999768e+02
5.101309999999999718e+02
3.548109999999999786e+02
3.505609999999999786e+02
3.997049999999999841e+02
3.339250000000000000e+03
5.064619999999999891e+02
5.628550000000000182e+02
3.894429999999999836e+02
3.842950000000000159e+02
4.294370000000000118e+02
3.691039999999999964e+03
5.543880000000000337e+02
6.025839999999999463e+02
3.457690000000000055e+02
3.342660000000000196e+02
3.839719999999999800e+02
3.630250000000000000e+03
5.054879999999999995e+02
5.466870000000000118e+02
3.829789999999999850e+02
3.740269999999999868e+02
4.324340000000000259e+02
3.686210000000000036e+03
5.468659999999999854e+02
6.050779999999999745e+02
2.679279999999999973e+02
2.741070000000000277e+02
3.022350000000000136e+02
1.931089999999999918e+03
3.537320000000000277e+02
3.855830000000000268e+02
2.213830000000000098e+02
2.214439999999999884e+02
2.466500000000000057e+02
1.885509999999999991e+03
3.043489999999999895e+02
3.315910000000000082e+02
2.520790000000000077e+02
2.564569999999999936e+02
2.880629999999999882e+02
1.935619999999999891e+03
3.401589999999999918e+02
3.744569999999999936e+02
2.894289999999999736e+02
2.960230000000000246e+02
3.276209999999999809e+02
2.294389999999999873e+03
3.916290000000000191e+02
4.332090000000000032e+02
2.470209999999999866e+02
2.418890000000000100e+02
2.763670000000000186e+02
2.233039999999999964e+03
3.468570000000000277e+02
3.782509999999999764e+02
2.773430000000000177e+02
2.782069999999999936e+02
3.207370000000000232e+02
2.283969999999999800e+03
3.827540000000000191e+02
4.253000000000000114e+02
3.175419999999999732e+02
3.178840000000000146e+02
3.571809999999999832e+02
2.646309999999999945e+03
4.355740000000000123e+02
4.665070000000000050e+02
2.717799999999999727e+02
2.674529999999999745e+02
3.047850000000000250e+02
2.583519999999999982e+03
3.862579999999999814e+02
4.227320000000000277e+02
3.055559999999999832e+02
3.010989999999999895e+02
3.510190000000000055e+02
2.633059999999999945e+03
4.268430000000000177e+02
4.748439999999999941e+02
3.403509999999999991e+02
3.413509999999999991e+02
3.847810000000000059e+02
2.998150000000000091e+03
4.763029999999999973e+02
5.136440000000000055e+02
2.965840000000000032e+02
2.899499999999999886e+02
3.304649999999999750e+02
2.936659999999999854e+03
4.266539999999999964e+02
4.665570000000000164e+02
3.318439999999999941e+02
3.287690000000000055e+02
3.767769999999999868e+02
2.992619999999999891e+03
4.669379999999999882e+02
5.188010000000000446e+02
3.652090000000000032e+02
3.609839999999999804e+02
4.000699999999999932e+02
3.350639999999999873e+03
5.139120000000000346e+02
5.598609999999999900e+02
3.198229999999999791e+02
3.124270000000000209e+02
3.575790000000000077e+02
3.276840000000000146e+03
4.658020000000000209e+02
5.112069999999999936e+02
3.556329999999999814e+02
3.520450000000000159e+02
4.062490000000000236e+02
3.329480000000000018e+03
5.080810000000000173e+02
5.616200000000000045e+02
3.916000000000000227e+02
3.858670000000000186e+02
4.311009999999999991e+02
3.697889999999999873e+03
5.555739999999999554e+02
6.048490000000000464e+02
3.465059999999999718e+02
3.351039999999999850e+02
3.843199999999999932e+02
3.634639999999999873e+03
5.091039999999999850e+02
5.563550000000000182e+02
3.829639999999999986e+02
3.746789999999999736e+02
4.326100000000000136e+02
3.687179999999999836e+03
5.472999999999999545e+02
6.111549999999999727e+02
4.199660000000000082e+02
4.079159999999999968e+02
4.591109999999999900e+02
4.047760000000000218e+03
5.973590000000000373e+02
6.513980000000000246e+02
3.709230000000000018e+02
3.604030000000000200e+02
4.106360000000000241e+02
3.981360000000000127e+03
5.494310000000000400e+02
5.998110000000000355e+02
4.061139999999999759e+02
4.031039999999999850e+02
4.593229999999999791e+02
4.039039999999999964e+03
5.938029999999999973e+02
6.543089999999999691e+02
2.984900000000000091e+02
2.950969999999999800e+02
3.300110000000000241e+02
2.296780000000000200e+03
3.952850000000000250e+02
4.304510000000000218e+02
2.485629999999999882e+02
2.456320000000000050e+02
2.781789999999999736e+02
2.236460000000000036e+03
3.477699999999999818e+02
3.791499999999999773e+02
2.791840000000000259e+02
2.850199999999999818e+02
3.233960000000000150e+02
2.289309999999999945e+03
3.869420000000000073e+02
4.233729999999999905e+02
3.188000000000000114e+02
3.193240000000000123e+02
3.607049999999999841e+02
2.649469999999999800e+03
4.397239999999999895e+02
4.682549999999999955e+02
2.724639999999999986e+02
2.681320000000000050e+02
3.041109999999999900e+02
2.589239999999999782e+03
3.870810000000000173e+02
4.235439999999999827e+02
3.050500000000000114e+02
3.062029999999999745e+02
3.539039999999999964e+02
2.637369999999999891e+03
4.272690000000000055e+02
4.737160000000000082e+02
3.418969999999999914e+02
3.429769999999999754e+02
3.870869999999999891e+02
2.998079999999999927e+03
4.789350000000000023e+02
5.151069999999999709e+02
2.963639999999999759e+02
2.910819999999999936e+02
3.333489999999999895e+02
2.942449999999999818e+03
4.272409999999999854e+02
4.670400000000000205e+02
3.311279999999999859e+02
3.293179999999999836e+02
3.805310000000000059e+02
2.996889999999999873e+03
4.673670000000000186e+02
5.175760000000000218e+02
3.656899999999999977e+02
3.631019999999999754e+02
4.042440000000000282e+02
3.343280000000000200e+03
5.163150000000000546e+02
5.613289999999999509e+02
3.227409999999999854e+02
3.124759999999999991e+02
3.581899999999999977e+02
3.277900000000000091e+03
4.689909999999999854e+02
5.140549999999999500e+02
3.615409999999999968e+02
3.515910000000000082e+02
4.053799999999999955e+02
3.335019999999999982e+03
5.069239999999999782e+02
5.687920000000000300e+02
3.944350000000000023e+02
3.862869999999999777e+02
4.326659999999999968e+02
3.703400000000000091e+03
5.565510000000000446e+02
6.098319999999999936e+02
3.470810000000000173e+02
3.382730000000000246e+02
3.850190000000000055e+02
3.628809999999999945e+03
5.090579999999999927e+02
5.576159999999999854e+02
3.838260000000000218e+02
3.739900000000000091e+02
4.330389999999999873e+02
3.688639999999999873e+03
5.531050000000000182e+02
6.115259999999999536e+02
4.212880000000000109e+02
4.097259999999999991e+02
4.605969999999999800e+02
4.052690000000000055e+03
5.976409999999999627e+02
6.550960000000000036e+02
3.695000000000000000e+02
3.611630000000000109e+02
4.151190000000000282e+02
3.991869999999999891e+03
5.495869999999999891e+02
6.011589999999999918e+02
4.078349999999999795e+02
4.037250000000000227e+02
4.686689999999999827e+02
4.044750000000000000e+03
5.935259999999999536e+02
6.575539999999999736e+02
4.458290000000000077e+02
4.339089999999999918e+02
4.881990000000000123e+02
4.396850000000000364e+03
6.366570000000000391e+02
7.003139999999999645e+02
3.961940000000000168e+02
3.846730000000000018e+02
4.441000000000000227e+02
4.341180000000000291e+03
5.907369999999999663e+02
6.433110000000000355e+02
4.351870000000000118e+02
4.261299999999999955e+02
4.930899999999999750e+02
4.392680000000000291e+03
6.335199999999999818e+02
6.999809999999999945e+02
