2.104399999999999977e+02
2.006599999999999966e+02
2.136033333000000027e+02
2.485833332999999925e+02
2.518033332999999914e+02
2.615733333000000016e+02
2.675933332999999834e+02
2.606933333000000061e+02
2.654233333000000243e+02
2.629399999999999977e+02
2.638199999999999932e+02
2.675099999999999909e+02
2.685500000000000114e+02
2.148866667000000064e+02
2.493433333000000118e+02
2.517866667000000120e+02
2.515233332999999902e+02
2.526833332999999868e+02
2.635866667000000234e+02
2.647433333000000175e+02
2.694700000000000273e+02
2.694700000000000273e+02
2.493600000000000136e+02
2.504300000000000068e+02
2.109966666999999916e+02
2.621133333000000221e+02
2.671733333000000243e+02
2.524466667000000086e+02
2.658166666999999848e+02
2.536733332999999959e+02
2.150099999999999909e+02
2.120533332999999914e+02
2.163733333000000130e+02
2.105066667000000109e+02
2.127133332999999880e+02
2.114799999999999898e+02
2.130966666999999859e+02
2.023866667000000064e+02
2.144066666999999882e+02
2.157333332999999982e+02
2.159466667000000086e+02
2.172366667000000007e+02
2.124433333000000061e+02
2.143799999999999955e+02
2.159433333000000061e+02
2.174666666999999904e+02
2.134066666999999882e+02
2.169233332999999959e+02
2.018966666999999973e+02
2.153666666999999961e+02
2.182333332999999982e+02
2.130000000000000000e+02
2.144799999999999898e+02
2.140500000000000114e+02
2.154699999999999989e+02
2.172933333000000005e+02
2.183233333000000016e+02
2.186233333000000130e+02
2.196366667000000064e+02
2.036366667000000064e+02
2.164033333000000141e+02
2.188166667000000132e+02
2.192833333000000096e+02
2.213766666999999870e+02
2.172866667000000120e+02
2.203966666999999973e+02
2.193866667000000064e+02
2.224333332999999868e+02
2.180966666999999859e+02
2.204233332999999959e+02
2.041766666999999984e+02
2.188899999999999864e+02
2.211666667000000075e+02
2.210099999999999909e+02
2.220866666999999950e+02
2.232966667000000029e+02
2.240733333000000016e+02
2.176966667000000086e+02
2.199666666999999904e+02
2.203866667000000064e+02
2.225200000000000102e+02
2.051299999999999955e+02
2.193333332999999925e+02
2.221866666999999893e+02
2.217266667000000098e+02
2.241766666999999984e+02
2.185633333000000107e+02
2.205733333000000016e+02
2.202100000000000080e+02
2.222666667000000018e+02
2.212599999999999909e+02
2.230699999999999932e+02
2.059900000000000091e+02
2.232866667000000120e+02
2.249499999999999886e+02
2.244900000000000091e+02
2.270133332999999993e+02
2.274000000000000057e+02
2.292766666999999927e+02
2.249900000000000091e+02
2.286466666999999973e+02
2.271533333000000141e+02
2.305366667000000120e+02
2.069000000000000057e+02
2.261299999999999955e+02
2.286533333000000141e+02
2.265699999999999932e+02
2.284666666999999904e+02
2.290699999999999932e+02
2.304666666999999904e+02
2.307933333000000005e+02
2.321166666999999961e+02
2.268833333000000039e+02
2.291866666999999893e+02
2.003799999999999955e+02
2.296433332999999948e+02
2.313899999999999864e+02
2.282666667000000018e+02
2.312533333000000084e+02
2.307733332999999902e+02
2.327599999999999909e+02
2.271899999999999977e+02
2.291233333000000130e+02
2.288566667000000052e+02
2.306866666999999893e+02
2.018333332999999925e+02
2.309433333000000061e+02
2.322899999999999920e+02
2.325233332999999902e+02
2.340800000000000125e+02
2.170933333000000118e+02
2.193966666999999973e+02
2.197466666999999916e+02
2.217833333000000096e+02
2.179000000000000057e+02
2.208633332999999936e+02
2.103400000000000034e+02
2.035300000000000011e+02
2.199133333000000050e+02
2.228233333000000016e+02
2.187266667000000098e+02
2.210566666999999939e+02
2.196266666999999870e+02
2.216233333000000130e+02
2.214433333000000061e+02
2.223666666999999961e+02
2.234199999999999875e+02
2.243266667000000041e+02
2.052066666999999995e+02
2.253400000000000034e+02
2.277500000000000000e+02
2.282566667000000109e+02
2.300800000000000125e+02
2.277333332999999982e+02
2.305733333000000016e+02
2.301399999999999864e+02
2.321433332999999948e+02
2.257966667000000029e+02
2.275300000000000011e+02
2.020633333000000107e+02
2.279900000000000091e+02
2.299466667000000086e+02
2.295600000000000023e+02
2.316866666999999893e+02
2.312066666999999995e+02
2.332766666999999927e+02
2.181233333000000130e+02
2.203700000000000045e+02
2.208033332999999914e+02
2.228966666999999973e+02
2.053633332999999936e+02
2.190766667000000041e+02
2.218600000000000136e+02
2.209766667000000098e+02
2.237733332999999902e+02
2.267466666999999916e+02
2.292966667000000029e+02
2.272866667000000120e+02
2.289733333000000073e+02
2.296800000000000068e+02
2.308233333000000016e+02
2.039766667000000098e+02
2.311966667000000086e+02
2.326599999999999966e+02
2.198700000000000045e+02
2.221633333000000050e+02
2.225566666999999939e+02
2.245066667000000109e+02
2.292066666999999995e+02
2.317700000000000102e+02
2.313266667000000041e+02
2.332766666999999927e+02
2.071200000000000045e+02
2.208199999999999932e+02
2.226266666999999870e+02
2.295533332999999914e+02
2.311599999999999966e+02
2.235200000000000102e+02
2.329600000000000080e+02
2.251566666999999882e+02
2.346800000000000068e+02
2.191533333000000141e+02
2.244300000000000068e+02
2.014699999999999989e+02
2.236833332999999868e+02
2.278533333000000027e+02
2.213333332999999925e+02
2.247333332999999982e+02
2.256200000000000045e+02
2.291666667000000075e+02
2.212500000000000000e+02
2.265033333000000084e+02
2.234933332999999891e+02
2.277800000000000011e+02
2.031899999999999977e+02
2.255033333000000084e+02
2.265666667000000132e+02
2.297899999999999920e+02
2.307400000000000091e+02
2.222366667000000007e+02
2.273933332999999948e+02
2.254133333000000050e+02
2.296766666999999984e+02
2.243366666999999950e+02
2.271833332999999868e+02
2.031899999999999977e+02
2.292433332999999891e+02
2.313366666999999950e+02
2.232133332999999880e+02
2.274433333000000061e+02
2.252599999999999909e+02
2.293133333000000107e+02
2.265800000000000125e+02
2.283366666999999950e+02
2.306533333000000141e+02
2.321999999999999886e+02
2.049633332999999880e+02
2.216066667000000052e+02
2.266999999999999886e+02
2.245266666999999927e+02
2.289366666999999893e+02
2.225566666999999939e+02
2.256866666999999893e+02
2.266500000000000057e+02
2.298566667000000052e+02
2.230133332999999993e+02
2.279399999999999977e+02
2.011533333000000141e+02
2.047299999999999898e+02
2.239766667000000098e+02
2.279066666999999882e+02
2.260866666999999950e+02
2.270266666999999927e+02
2.303133333000000107e+02
2.311899999999999977e+02
2.233366666999999950e+02
2.282833333000000096e+02
2.261333333000000039e+02
2.305900000000000034e+02
2.064266666999999984e+02
2.248766666999999870e+02
2.276399999999999864e+02
2.298166667000000132e+02
2.317966667000000029e+02
2.242966667000000029e+02
2.285633333000000107e+02
2.257733332999999902e+02
2.301333333000000039e+02
2.271200000000000045e+02
2.287166666999999904e+02
2.063499999999999943e+02
2.313133333000000107e+02
2.326999999999999886e+02
2.348700000000000045e+02
2.401633333000000050e+02
2.387833333000000096e+02
2.429166667000000075e+02
2.368866667000000064e+02
2.396566666999999882e+02
2.416999999999999886e+02
2.445000000000000000e+02
2.080466667000000029e+02
2.377500000000000000e+02
2.427866667000000120e+02
2.392733332999999902e+02
2.433666666999999961e+02
2.410166667000000018e+02
2.419699999999999989e+02
2.451566666999999882e+02
2.459366666999999893e+02
2.380966666999999859e+02
2.428066666999999939e+02
1.996833332999999868e+02
2.402199999999999989e+02
2.444900000000000091e+02
2.399266666999999984e+02
2.420866666999999950e+02
2.445933333000000118e+02
2.460266666999999927e+02
2.387033332999999971e+02
2.425600000000000023e+02
2.404066666999999882e+02
2.442599999999999909e+02
2.015466667000000029e+02
2.413266667000000041e+02
2.428566667000000052e+02
2.452199999999999989e+02
2.467566667000000109e+02
2.387333332999999982e+02
2.435233332999999902e+02
2.409833332999999982e+02
2.447299999999999898e+02
2.393666666999999961e+02
2.417033332999999971e+02
2.029333332999999868e+02
2.431233333000000130e+02
2.457566667000000109e+02
2.395566666999999939e+02
2.442833333000000096e+02
2.402100000000000080e+02
2.439633332999999880e+02
2.418266667000000041e+02
2.427366667000000007e+02
2.456999999999999886e+02
2.464799999999999898e+02
2.046866666999999893e+02
2.403400000000000034e+02
2.451966667000000086e+02
2.424266666999999984e+02
2.464966666999999916e+02
2.412333332999999982e+02
2.432599999999999909e+02
2.461599999999999966e+02
2.472766666999999927e+02
2.409833332999999982e+02
2.446066667000000052e+02
2.008199999999999932e+02
2.417800000000000011e+02
2.455966666999999859e+02
2.434433333000000061e+02
2.442333332999999982e+02
2.471666667000000075e+02
2.480166667000000018e+02
2.301666667000000075e+02
2.362433332999999891e+02
2.336666667000000075e+02
2.386200000000000045e+02
2.040500000000000114e+02
2.310366667000000120e+02
2.351733332999999959e+02
2.359199999999999875e+02
2.399766667000000098e+02
2.328600000000000136e+02
2.387800000000000011e+02
2.334333332999999868e+02
2.382533333000000084e+02
2.359699999999999989e+02
2.374433333000000061e+02
2.022333332999999982e+02
2.026899999999999977e+02
2.409933332999999891e+02
2.421566666999999882e+02
2.323300000000000125e+02
2.382466666999999916e+02
2.353466666999999859e+02
2.402333332999999982e+02
2.346533333000000141e+02
2.378666666999999961e+02
2.409866667000000007e+02
2.425466667000000029e+02
2.059466667000000086e+02
2.329566666999999995e+02
2.376899999999999977e+02
2.355333333000000096e+02
2.400500000000000114e+02
2.370366667000000120e+02
2.393199999999999932e+02
2.415699999999999932e+02
2.440300000000000011e+02
2.449099999999999966e+02
2.515800000000000125e+02
2.009233332999999959e+02
2.475033333000000084e+02
2.530533332999999914e+02
2.453166667000000132e+02
2.489699999999999989e+02
2.506200000000000045e+02
2.539633332999999880e+02
2.469399999999999977e+02
2.532566667000000109e+02
2.472666667000000018e+02
2.521399999999999864e+02
2.029366666999999893e+02
2.495666667000000132e+02
2.506800000000000068e+02
2.542566667000000109e+02
2.554733333000000073e+02
2.470766667000000041e+02
2.536366667000000064e+02
2.498100000000000023e+02
2.550233332999999902e+02
2.491166666999999961e+02
2.515166667000000018e+02
2.019733333000000073e+02
2.554699999999999989e+02
2.564533332999999971e+02
2.477166666999999904e+02
2.526833332999999868e+02
2.493433333000000118e+02
2.541433332999999948e+02
2.510000000000000000e+02
2.525800000000000125e+02
2.561833333000000152e+02
2.575133332999999993e+02
2.039333332999999868e+02
2.313300000000000125e+02
2.374966666999999916e+02
2.345500000000000114e+02
2.395633333000000107e+02
2.319133333000000050e+02
2.359733333000000073e+02
2.368400000000000034e+02
2.408266667000000041e+02
2.342500000000000000e+02
2.406233333000000130e+02
2.042933333000000005e+02
2.350300000000000011e+02
2.397899999999999920e+02
2.375233332999999902e+02
2.390600000000000023e+02
2.425000000000000000e+02
2.437833333000000096e+02
2.467333332999999982e+02
2.531533333000000141e+02
2.493866667000000064e+02
2.543366666999999950e+02
2.054699999999999989e+02
2.488933332999999948e+02
2.514099999999999966e+02
2.553899999999999864e+02
2.564733332999999789e+02
2.470800000000000125e+02
2.520600000000000023e+02
2.492800000000000011e+02
2.541299999999999955e+02
2.504933332999999891e+02
2.525133332999999993e+02
2.062266667000000098e+02
2.553633332999999936e+02
2.575400000000000205e+02
2.337433332999999891e+02
2.400733333000000016e+02
2.369499999999999886e+02
2.418966666999999973e+02
2.343366666999999950e+02
2.384600000000000080e+02
2.392433332999999891e+02
2.432833333000000096e+02
2.072333332999999982e+02
2.485366667000000120e+02
2.548899999999999864e+02
2.488100000000000023e+02
2.536533333000000141e+02
2.510133332999999993e+02
2.521399999999999864e+02
2.558733333000000130e+02
2.569700000000000273e+02
2.362266667000000098e+02
2.424566666999999995e+02
2.040533332999999914e+02
2.017033332999999971e+02
2.395099999999999909e+02
2.442533333000000084e+02
2.507266667000000098e+02
2.530999999999999943e+02
2.571700000000000159e+02
2.580500000000000114e+02
2.368933332999999948e+02
2.416933333000000061e+02
2.508633332999999936e+02
2.556233333000000130e+02
2.035600000000000023e+02
2.405433333000000005e+02
2.542433332999999891e+02
2.453433333000000118e+02
2.588266666999999757e+02
2.124466667000000086e+02
2.132666667000000018e+02
2.156066667000000052e+02
2.166366667000000064e+02
2.135333333000000096e+02
2.165866666999999950e+02
2.050866666999999950e+02
2.143266667000000041e+02
2.173966666999999973e+02
2.143700000000000045e+02
2.151299999999999955e+02
2.152933333000000005e+02
2.162233333000000073e+02
2.175500000000000114e+02
2.184333332999999868e+02
2.184033333000000141e+02
2.194966666999999916e+02
2.066166666999999961e+02
2.134799999999999898e+02
2.142833333000000096e+02
2.167166666999999904e+02
2.176800000000000068e+02
2.151899999999999977e+02
2.182966667000000029e+02
2.162299999999999898e+02
2.193066666999999939e+02
2.146533333000000141e+02
2.154833332999999982e+02
2.028100000000000023e+02
2.162700000000000102e+02
2.170733333000000016e+02
2.176533333000000141e+02
2.193700000000000045e+02
2.185866666999999950e+02
2.200800000000000125e+02
2.129199999999999875e+02
2.138600000000000136e+02
2.159933332999999891e+02
2.170633333000000107e+02
2.061166666999999961e+02
2.139966666999999916e+02
2.171866666999999893e+02
2.150266666999999927e+02
2.180733333000000016e+02
2.142433332999999891e+02
2.150200000000000102e+02
2.151833332999999868e+02
2.162966667000000029e+02
2.174033333000000141e+02
2.184000000000000057e+02
2.049600000000000080e+02
2.185033333000000084e+02
2.193133333000000107e+02
2.148866667000000064e+02
2.158533333000000027e+02
2.180200000000000102e+02
2.189600000000000080e+02
2.160633333000000107e+02
2.190766667000000041e+02
2.168733333000000130e+02
2.198266667000000041e+02
2.078899999999999864e+02
2.159566666999999995e+02
2.169133333000000050e+02
2.169066666999999882e+02
2.180366667000000120e+02
2.190500000000000114e+02
2.198733333000000130e+02
2.199466667000000086e+02
2.208666666999999961e+02
2.417766666999999927e+02
2.437933333000000005e+02
2.026800000000000068e+02
2.461266666999999870e+02
2.469566666999999995e+02
2.430833332999999925e+02
2.473700000000000045e+02
2.441200000000000045e+02
2.481966667000000086e+02
2.569399999999999977e+02
2.593933332999999948e+02
2.610133332999999993e+02
2.608799999999999955e+02
2.045133332999999993e+02
2.641800000000000068e+02
2.653799999999999955e+02
2.646399999999999864e+02
2.663233333000000016e+02
2.554366666999999893e+02
2.571700000000000159e+02
2.618366667000000234e+02
2.633100000000000023e+02
2.577133332999999880e+02
2.641800000000000068e+02
1.999533332999999971e+02
2.038566667000000052e+02
2.595000000000000000e+02
2.647366667000000007e+02
2.576766666999999984e+02
2.593666666999999961e+02
2.608233333000000016e+02
2.615333332999999811e+02
2.624833333000000266e+02
2.656499999999999773e+02
2.642900000000000205e+02
2.661899999999999977e+02
2.057400000000000091e+02
2.560600000000000023e+02
2.581600000000000250e+02
2.631299999999999955e+02
2.635799999999999841e+02
2.593833333000000039e+02
2.637466666999999916e+02
2.604133332999999766e+02
2.645099999999999909e+02
2.570433332999999720e+02
2.593799999999999955e+02
2.057066666999999995e+02
2.607699999999999818e+02
2.614300000000000068e+02
2.635833332999999925e+02
2.637766667000000211e+02
2.640400000000000205e+02
2.656899999999999977e+02
2.588999999999999773e+02
2.610766666999999757e+02
2.653999999999999773e+02
2.660266667000000211e+02
2.070999999999999943e+02
2.596933333000000061e+02
2.661200000000000045e+02
2.620066666999999825e+02
2.671700000000000159e+02
2.618966667000000257e+02
2.630433332999999720e+02
2.631866666999999893e+02
2.635699999999999932e+02
2.663866666999999779e+02
2.670699999999999932e+02
2.076466666999999973e+02
2.665400000000000205e+02
2.674266666999999984e+02
2.283000000000000114e+02
2.326166666999999961e+02
2.321800000000000068e+02
2.362100000000000080e+02
2.302366667000000007e+02
2.333266667000000041e+02
2.340999999999999943e+02
2.371333333000000039e+02
2.089199999999999875e+02
2.304666666999999904e+02
2.346966667000000086e+02
2.320266666999999927e+02
2.357333332999999982e+02
2.340533332999999914e+02
2.351200000000000045e+02
2.378966666999999973e+02
2.387533333000000084e+02
2.312166666999999904e+02
2.355133332999999993e+02
2.077466666999999916e+02
2.340066667000000109e+02
2.378899999999999864e+02
2.331166666999999961e+02
2.356999999999999886e+02
2.375066667000000109e+02
2.395933333000000118e+02
2.318866667000000064e+02
2.358499999999999943e+02
2.337933333000000005e+02
2.374699999999999989e+02
2.097033332999999971e+02
2.349499999999999886e+02
2.365866666999999950e+02
2.388233333000000016e+02
2.403466666999999859e+02
2.439333332999999868e+02
2.496633333000000050e+02
2.463899999999999864e+02
2.508766666999999870e+02
2.438066666999999939e+02
2.476266666999999870e+02
2.113899999999999864e+02
2.484033333000000141e+02
2.522100000000000080e+02
2.457899999999999920e+02
2.519066666999999882e+02
2.455633333000000107e+02
2.502599999999999909e+02
2.480699999999999932e+02
2.493000000000000114e+02
2.527466666999999916e+02
2.539833332999999982e+02
2.131833332999999868e+02
2.463766666999999870e+02
2.521266666999999870e+02
2.487833333000000096e+02
2.533933332999999948e+02
2.486033333000000027e+02
2.504433333000000061e+02
2.542666667000000018e+02
2.551733332999999959e+02
2.460866666999999950e+02
2.505666667000000132e+02
2.031800000000000068e+02
2.083700000000000045e+02
2.480633333000000107e+02
2.525200000000000102e+02
2.500399999999999920e+02
2.515666667000000132e+02
2.545900000000000034e+02
2.562233332999999789e+02
2.307899999999999920e+02
2.352100000000000080e+02
2.335500000000000114e+02
2.373333332999999925e+02
2.129366666999999893e+02
2.314433333000000061e+02
2.342400000000000091e+02
2.353133333000000107e+02
2.382033332999999971e+02
2.324933332999999891e+02
2.370633333000000107e+02
2.331200000000000045e+02
2.369766667000000098e+02
2.352333332999999982e+02
2.359466667000000086e+02
2.102366667000000007e+02
2.390366667000000120e+02
2.399633332999999880e+02
2.452100000000000080e+02
2.510900000000000034e+02
2.473733333000000130e+02
2.520433333000000005e+02
2.477899999999999920e+02
2.496800000000000068e+02
2.538199999999999932e+02
2.543933332999999948e+02
2.147199999999999989e+02
2.448466666999999859e+02
2.495633333000000107e+02
2.470133332999999993e+02
2.520366667000000120e+02
2.490866666999999950e+02
2.512500000000000000e+02
2.535399999999999920e+02
2.556433332999999948e+02
2.322166666999999904e+02
2.366399999999999864e+02
2.107066666999999995e+02
2.347733332999999902e+02
2.387366667000000007e+02
2.326366667000000064e+02
2.355733333000000016e+02
2.365800000000000125e+02
2.394966666999999916e+02
2.469433333000000061e+02
2.528933332999999948e+02
2.465033333000000084e+02
2.510333333000000096e+02
2.125166667000000018e+02
2.490466667000000029e+02
2.502299999999999898e+02
2.537400000000000091e+02
2.551200000000000045e+02
2.340533332999999914e+02
2.385566666999999939e+02
2.363799999999999955e+02
2.404300000000000068e+02
2.496166666999999961e+02
2.513100000000000023e+02
2.111866666999999893e+02
2.554233332999999959e+02
2.562266667000000098e+02
2.344499999999999886e+02
2.382733332999999902e+02
2.487400000000000091e+02
2.534699999999999989e+02
2.373466666999999859e+02
2.526233333000000130e+02
2.412266667000000098e+02
2.573333332999999925e+02
2.129399999999999977e+02
2.307400000000000091e+02
2.319966666999999916e+02
2.334466667000000086e+02
2.342666667000000018e+02
2.310000000000000000e+02
2.336599999999999966e+02
2.320466667000000029e+02
2.348666666999999961e+02
2.322199999999999989e+02
2.335433333000000005e+02
2.142500000000000000e+02
2.326500000000000057e+02
2.338499999999999943e+02
2.351633333000000050e+02
2.360600000000000023e+02
2.363600000000000136e+02
2.371033333000000027e+02
2.316200000000000045e+02
2.326366667000000064e+02
2.334300000000000068e+02
2.344199999999999875e+02
2.158533333000000027e+02
2.330000000000000000e+02
2.348733333000000130e+02
2.342233333000000073e+02
2.358533333000000027e+02
2.316299999999999955e+02
2.325900000000000034e+02
2.329900000000000091e+02
2.342500000000000000e+02
2.350733333000000016e+02
2.365300000000000011e+02
2.015200000000000102e+02
2.158833333000000039e+02
2.361699999999999875e+02
2.376966667000000086e+02
2.313233333000000016e+02
2.324699999999999989e+02
2.332299999999999898e+02
2.343833333000000039e+02
2.317566667000000109e+02
2.346133332999999936e+02
2.329833332999999982e+02
2.359099999999999966e+02
2.172899999999999920e+02
2.330033333000000084e+02
2.340633333000000107e+02
2.331466666999999973e+02
2.341333333000000039e+02
2.349199999999999875e+02
2.357933333000000005e+02
2.359600000000000080e+02
2.367366667000000007e+02
2.334166667000000075e+02
2.344666666999999904e+02
2.089866667000000007e+02
2.353733333000000130e+02
2.364333332999999868e+02
2.345600000000000023e+02
2.363466666999999859e+02
2.357800000000000011e+02
2.374099999999999966e+02
2.334266666999999984e+02
2.347466666999999916e+02
2.346500000000000057e+02
2.357899999999999920e+02
2.112733332999999902e+02
2.363066666999999939e+02
2.372266667000000098e+02
2.373600000000000136e+02
2.382299999999999898e+02
2.460033333000000084e+02
2.499900000000000091e+02
2.486899999999999977e+02
2.521800000000000068e+02
2.468066666999999939e+02
2.494966666999999916e+02
2.129266666999999984e+02
2.502400000000000091e+02
2.528366666999999950e+02
2.476866666999999893e+02
2.517400000000000091e+02
2.483400000000000034e+02
2.517066666999999995e+02
2.500500000000000114e+02
2.508666666999999961e+02
2.535066667000000109e+02
2.543400000000000034e+02
2.143433333000000118e+02
2.478033332999999914e+02
2.518466666999999859e+02
2.495766667000000041e+02
2.529866667000000007e+02
2.494366666999999893e+02
2.510099999999999909e+02
2.534900000000000091e+02
2.544666666999999904e+02
2.476133332999999936e+02
2.513233333000000016e+02
2.115866666999999950e+02
2.494099999999999966e+02
2.528066666999999939e+02
2.502766666999999927e+02
2.517933333000000005e+02
2.544233332999999959e+02
2.552133332999999880e+02
2.479933332999999891e+02
2.519333332999999868e+02
2.497166666999999904e+02
2.531166666999999961e+02
2.153133333000000107e+02
2.480633333000000107e+02
2.503366666999999950e+02
2.514333332999999868e+02
2.540733333000000016e+02
2.490366667000000120e+02
2.528199999999999932e+02
2.489033333000000141e+02
2.522766666999999927e+02
2.505333333000000096e+02
2.513633332999999936e+02
2.138466666999999859e+02
2.541233333000000130e+02
2.550133332999999993e+02
2.500666667000000132e+02
2.537433332999999891e+02
2.511633333000000050e+02
2.544966666999999916e+02
2.505966666999999859e+02
2.519833332999999982e+02
2.544199999999999875e+02
2.553233333000000016e+02
2.168366666999999950e+02
2.494600000000000080e+02
2.528733333000000130e+02
2.504799999999999898e+02
2.535699999999999932e+02
2.518133333000000107e+02
2.527700000000000102e+02
2.554300000000000068e+02
2.562466666999999916e+02
2.449166667000000075e+02
2.474666666999999904e+02
2.049866667000000007e+02
2.098400000000000034e+02
2.480200000000000102e+02
2.488966666999999973e+02
2.454966666999999916e+02
2.490533332999999914e+02
2.463199999999999932e+02
2.501633333000000050e+02
2.472533333000000084e+02
2.497866667000000120e+02
2.474266666999999984e+02
2.484300000000000068e+02
2.115900000000000034e+02
2.501200000000000045e+02
2.512366667000000007e+02
2.512366667000000007e+02
2.522666667000000018e+02
2.466100000000000136e+02
2.492533333000000084e+02
2.490133332999999993e+02
2.502433332999999891e+02
2.487100000000000080e+02
2.510200000000000102e+02
2.124499999999999886e+02
2.512966667000000029e+02
2.520933333000000118e+02
2.466533333000000141e+02
2.478733333000000130e+02
2.486500000000000057e+02
2.498333332999999925e+02
2.498266667000000041e+02
2.519133333000000050e+02
2.511500000000000057e+02
2.531500000000000057e+02
2.141533333000000141e+02
2.585566666999999939e+02
2.646000000000000227e+02
2.603266666999999757e+02
2.649933333000000175e+02
2.580233332999999902e+02
2.614366666999999893e+02
2.627366667000000007e+02
2.660966667000000143e+02
2.604966666999999916e+02
2.664499999999999886e+02
2.143133333000000107e+02
2.597599999999999909e+02
2.644700000000000273e+02
2.618466667000000143e+02
2.629499999999999886e+02
2.665166666999999734e+02
2.678466667000000143e+02
2.610899999999999750e+02
2.670433332999999720e+02
2.626633332999999766e+02
2.672799999999999727e+02
2.169133333000000050e+02
2.626800000000000068e+02
2.641633332999999766e+02
2.687966667000000029e+02
2.685833332999999925e+02
2.601733333000000243e+02
2.649266666999999984e+02
2.616766666999999984e+02
2.662133332999999880e+02
2.637166667000000189e+02
2.649333333000000152e+02
2.157400000000000091e+02
2.684166667000000075e+02
2.695166666999999734e+02
2.457933333000000005e+02
2.481866666999999893e+02
2.484166667000000075e+02
2.494933332999999891e+02
2.460066667000000109e+02
2.495333333000000096e+02
2.472599999999999909e+02
2.505966666999999859e+02
2.181533333000000141e+02
2.476733332999999959e+02
2.503666666999999961e+02
2.480300000000000011e+02
2.493000000000000114e+02
2.504499999999999886e+02
2.515166667000000018e+02
2.512466666999999916e+02
2.525000000000000000e+02
2.601666667000000075e+02
2.661100000000000136e+02
2.095833332999999925e+02
2.616866666999999893e+02
2.664766667000000098e+02
2.622200000000000273e+02
2.637866667000000120e+02
2.684100000000000250e+02
2.683799999999999955e+02
2.592599999999999909e+02
2.641666667000000075e+02
2.613633333000000221e+02
2.660933332999999834e+02
2.117433332999999891e+02
2.625966667000000143e+02
2.646000000000000227e+02
2.673166666999999848e+02
2.693799999999999955e+02
2.471299999999999955e+02
2.497400000000000091e+02
2.495999999999999943e+02
2.506133332999999936e+02
2.473100000000000023e+02
2.507533333000000084e+02
