0.883326 0.291821
0.880007 0.283828
0.874826 0.277011
0.869848 0.278886
0.867243 0.26693
0.868506 0.257669
0.875501 0.219024
0.881247 0.152869
0.904216 0.260454
0.902654 0.262584
0.900822 0.264406
0.89864 0.265689
0.89655 0.265518
0.894284 0.261766
0.893312 0.254661
0.894084 0.24655
0.8954 0.236561
0.895902 0.220255
0.895948 0.197877
0.897217 0.183487
0.895792 0.172733
0.895977 0.161547
0.897125 0.129011
0.89824 0.110298
0.922938 0.193323
0.922814 0.195353
0.922752 0.197435
0.922741 0.199546
0.923307 0.201714
0.924348 0.203383
0.92608 0.205102
0.927855 0.203499
0.929313 0.202557
0.930309 0.200822
0.930604 0.197624
0.930369 0.195102
0.930097 0.192275
0.929317 0.191325
0.927712 0.187851
0.926915 0.181087
0.925436 0.175817
0.923873 0.17008
0.92193 0.165761
0.919271 0.160987
0.916229 0.157763
0.913121 0.147203
0.909849 0.135616
0.906234 0.122881
0.902731 0.10847
0.89934 0.104843
0.892763 0.101403
0.889817 0.100272
0.883499 0.0922815
0.880873 0.0900797
0.883711 0.0814851
0.882235 0.0764705
0.918432 0.117571
0.91842 0.117073
0.918532 0.116211
0.918916 0.115001
0.919846 0.113758
0.921481 0.112565
0.923723 0.111481
0.926139 0.110721
0.92845 0.109881
0.930453 0.109219
0.932312 0.108041
0.93374 0.105556
0.934997 0.103365
0.93596 0.100079
0.936707 0.0965663
0.937233 0.0942057
0.937484 0.0934078
0.937742 0.0907178
0.937877 0.0899501
0.938026 0.0903985
0.937831 0.0917444
0.937578 0.0925357
0.937492 0.0932976
0.937021 0.0941385
0.93699 0.0950219
0.936857 0.0963226
0.936084 0.0979617
0.935681 0.0998165
0.93556 0.102077
0.935393 0.10461
0.934712 0.106923
0.934432 0.108705
0.934368 0.110589
0.933991 0.112542
0.933407 0.115828
0.932423 0.117336
0.931993 0.116261
0.931773 0.118323
0.931187 0.12087
0.930721 0.121348
0.93021 0.121898
0.92994 0.122712
0.929213 0.124637
0.927705 0.128399
0.926566 0.130411
0.925162 0.131603
0.924021 0.13251
0.922684 0.129883
0.921753 0.12742
0.920321 0.126324
0.918433 0.126508
0.917239 0.126186
0.915545 0.124543
0.912868 0.121767
0.910272 0.11761
0.907058 0.111122
0.903325 0.104514
0.899652 0.100293
0.89357 0.0942037
0.889906 0.0900974
0.88208 0.0800737
0.869219 0.0772698
0.852021 0.0740569
0.831686 0.0756586
0.899965 0.290853
0.899033 0.292705
0.898045 0.292933
0.897298 0.294534
0.897088 0.294599
0.897873 0.294795
0.899194 0.294566
0.901957 0.293641
0.929025 0.249317
0.928667 0.251362
0.928364 0.252924
0.928141 0.254586
0.928006 0.256111
0.927993 0.257455
0.928133 0.258603
0.928474 0.259318
0.929013 0.259413
0.929792 0.259071
0.930647 0.256957
0.931758 0.254007
0.932761 0.249385
0.933939 0.243993
0.935167 0.236384
0.93634 0.227513
0.952734 0.1371
0.952582 0.138152
0.952441 0.139219
0.952333 0.140252
0.952285 0.141254
0.952374 0.142222
0.952617 0.143161
0.952964 0.143922
0.953396 0.144601
0.953843 0.145164
0.954215 0.145461
0.954545 0.145454
0.954838 0.14541
0.954982 0.145091
0.955021 0.144289
0.954982 0.143071
0.954977 0.141678
0.954702 0.139765
0.954317 0.137563
0.953964 0.135201
0.95365 0.132327
0.953313 0.128748
0.952918 0.124987
0.952638 0.121201
0.952106 0.117061
0.951634 0.113425
0.951211 0.110089
0.950639 0.10689
0.950184 0.103531
0.949845 0.100634
0.949817 0.0979724
0.949657 0.0951668
0.950694 0.0686231
0.950631 0.0682865
0.950579 0.0676174
0.95055 0.0668428
0.950591 0.0660018
0.950752 0.0651081
0.951065 0.0640815
0.951503 0.0630579
0.95204 0.0618601
0.952645 0.0606973
0.953285 0.0593608
0.953866 0.0579474
0.954458 0.0567126
0.954956 0.0556429
0.955373 0.054926
0.955728 0.0551089
0.95609 0.0561717
0.956311 0.057669
0.956513 0.0594751
0.956577 0.0610874
0.956643 0.0623708
0.956661 0.0634368
0.956558 0.0644092
0.9568 0.0651882
0.956786 0.0656001
0.956446 0.0659045
0.956277 0.0660614
0.956242 0.0660896
0.956279 0.0660219
0.956132 0.0659381
0.95593 0.0657648
0.955783 0.0655035
0.955517 0.065216
0.955155 0.0649829
0.954695 0.0646828
0.954375 0.0644098
0.954135 0.064065
0.953877 0.0638162
0.953617 0.0636743
0.953523 0.0635109
0.953458 0.0633614
0.953294 0.0633245
0.953111 0.0633434
0.952997 0.0634266
0.952605 0.0636136
0.952579 0.0638117
0.952436 0.0640797
0.952255 0.0643024
0.952003 0.0645563
0.951962 0.064964
0.951719 0.0654038
0.951454 0.0658765
0.951153 0.0664277
0.950686 0.0670513
0.950223 0.0677148
0.950063 0.0683968
0.949651 0.0692394
0.949131 0.0702942
0.948846 0.0714802
0.948533 0.072773
0.94834 0.0742192
0.947999 0.0756029
0.947395 0.0769931
0.946806 0.0783246
0.883326 0.291821
0.881791 0.29368
0.880487 0.293947
0.879406 0.295492
0.879528 0.295552
0.880997 0.295762
0.883453 0.295284
0.887624 0.294525
0.904216 0.260454
0.903338 0.262793
0.90264 0.264509
0.90204 0.26624
0.901852 0.267856
0.902075 0.269312
0.902804 0.270633
0.90402 0.271516
0.905594 0.271683
0.907397 0.271292
0.909143 0.269038
0.911212 0.265805
0.912915 0.260567
0.914495 0.254775
0.916212 0.24637
0.917905 0.236667
0.922938 0.193323
0.922786 0.195376
0.922716 0.197506
0.922705 0.199581
0.922975 0.201596
0.923571 0.203564
0.924607 0.205487
0.925931 0.207059
0.927437 0.20846
0.928886 0.20962
0.930179 0.210227
0.931257 0.210193
0.932286 0.210068
0.93288 0.209391
0.933153 0.20774
0.933247 0.20524
0.933179 0.202402
0.933023 0.198516
0.93214 0.19408
0.931309 0.189396
0.930659 0.183771
0.930049 0.176952
0.929346 0.169915
0.928637 0.162968
0.927784 0.155574
0.926886 0.149184
0.925524 0.143369
0.924328 0.137856
0.923777 0.132211
0.923065 0.127519
0.922742 0.123264
0.921877 0.118792
0.918432 0.117571
0.918422 0.116998
0.918469 0.116054
0.918622 0.114973
0.919019 0.113889
0.91979 0.112896
0.920979 0.111844
0.922524 0.110973
0.924315 0.11007
0.926221 0.109327
0.92808 0.108549
0.929794 0.107822
0.931407 0.107253
0.93275 0.106722
0.933863 0.106189
0.934781 0.105689
0.935421 0.105231
0.936008 0.104544
0.936475 0.103811
0.936717 0.103173
0.936562 0.102531
0.936499 0.101911
0.936386 0.101236
0.936589 0.100639
0.936845 0.100059
0.936036 0.0995073
0.935595 0.0990656
0.935634 0.0986784
0.935318 0.098376
0.935302 0.0982152
0.934943 0.097989
0.934656 0.0978322
0.934541 0.0977837
0.933995 0.0978329
0.933173 0.0979382
0.932842 0.0980047
0.932701 0.0980222
0.932602 0.0981076
0.93214 0.0983412
0.931698 0.0983864
0.931639 0.0985263
0.931709 0.0987874
0.931434 0.0991626
0.930808 0.0994623
0.930185 0.0997859
0.929814 0.100224
0.92935 0.100739
0.928947 0.101068
0.928327 0.101321
0.928112 0.101792
0.927615 0.102308
0.927414 0.102647
0.926823 0.103035
0.926234 0.103416
0.925231 0.103845
0.924889 0.10414
0.924109 0.104438
0.923114 0.104545
0.922297 0.10433
0.921966 0.104126
0.921778 0.103471
0.921178 0.102913
0.92061 0.102315
0.920001 0.101499
0.892784 0.289943
0.891542 0.291805
0.890342 0.292059
0.889409 0.293626
0.889242 0.293685
0.890276 0.293882
0.892073 0.293628
0.895556 0.292739
0.91736 0.251538
0.916688 0.253662
0.916107 0.255257
0.915685 0.256918
0.915459 0.258456
0.915509 0.259827
0.915932 0.26102
0.916712 0.261788
0.917809 0.261917
0.919269 0.261569
0.920728 0.259442
0.922313 0.256434
0.923681 0.251663
0.925043 0.246234
0.92643 0.238475
0.927848 0.229431
0.938782 0.166662
0.938612 0.168207
0.938471 0.169789
0.938386 0.171326
0.938433 0.172818
0.938743 0.174268
0.939323 0.175678
0.940133 0.176827
0.941075 0.177853
0.942044 0.178704
0.942863 0.179152
0.943613 0.179137
0.944229 0.17906
0.944778 0.178572
0.944882 0.177363
0.944848 0.175531
0.94482 0.173441
0.944517 0.170579
0.943848 0.167299
0.943218 0.163809
0.942698 0.159591
0.942113 0.154409
0.941532 0.149012
0.94113 0.143633
0.940331 0.137828
0.939681 0.132768
0.938653 0.128143
0.937669 0.123735
0.936963 0.119167
0.936289 0.115304
0.936128 0.111767
0.935626 0.108025
0.940778 0.0984192
0.940739 0.0980141
0.940718 0.0973497
0.940741 0.0965898
0.940876 0.0958304
0.941198 0.0951267
0.941741 0.0943724
0.942487 0.0937501
0.943387 0.0930925
0.944408 0.0925523
0.945462 0.0919714
0.946461 0.0914141
0.94746 0.0909658
0.948283 0.0905346
0.948969 0.0900781
0.949597 0.0896246
0.950136 0.0891846
0.950582 0.0885373
0.950968 0.0878597
0.951126 0.0872802
0.951181 0.0867223
0.95125 0.0861986
0.951139 0.0856345
0.951265 0.0851528
0.95137 0.0847114
0.95074 0.0843097
0.950427 0.0839973
0.950401 0.0837408
0.950287 0.0835521
0.950225 0.0834721
0.949895 0.0833371
0.949771 0.0832584
0.949579 0.0832633
0.948996 0.083341
0.948207 0.0834644
0.947853 0.0835523
0.947708 0.083598
0.947623 0.0836934
0.947071 0.0838976
0.946683 0.0839472
0.946536 0.0840746
0.946455 0.0842869
0.94623 0.0845834
0.945914 0.0847965
0.945308 0.0850116
0.945241 0.0853259
0.945023 0.0856964
0.944745 0.0859152
0.944216 0.0860592
0.944091 0.086369
0.943808 0.0867171
0.9435 0.0869226
0.943021 0.0871596
0.942554 0.0873909
0.941754 0.0876565
0.941532 0.0878119
0.940963 0.0879529
0.940385 0.0879516
0.939801 0.087693
0.93939 0.0874409
0.939258 0.0868409
0.938828 0.086282
0.938245 0.0856669
0.937612 0.0849019
0.895452 0.293497
0.894354 0.295309
0.893259 0.295526
0.892388 0.297106
0.892261 0.297162
0.893241 0.297364
0.894834 0.296932
0.897954 0.296182
0.923754 0.256877
0.92326 0.259115
0.922854 0.260764
0.922535 0.26251
0.922362 0.264115
0.92237 0.265563
0.922567 0.266809
0.922979 0.267627
0.923679 0.267762
0.924659 0.267401
0.925713 0.265179
0.927047 0.26208
0.928243 0.257098
0.929559 0.251388
0.930911 0.243173
0.932142 0.23366
0.945229 0.154172
0.945034 0.155496
0.944866 0.156852
0.944732 0.158167
0.944703 0.159441
0.94486 0.160678
0.945235 0.161879
0.945727 0.162853
0.946368 0.163721
0.947013 0.164438
0.947542 0.164808
0.94798 0.164788
0.948403 0.164719
0.948606 0.164304
0.948681 0.163274
0.948698 0.161716
0.948769 0.159936
0.948415 0.157502
0.94788 0.154708
0.947465 0.151723
0.947119 0.148104
0.94677 0.143625
0.946343 0.138941
0.946031 0.134254
0.945405 0.129169
0.944801 0.124722
0.944231 0.120652
0.943433 0.116775
0.942932 0.112732
0.942445 0.109272
0.942416 0.106102
0.942167 0.10276
0.937443 0.0805581
0.937388 0.0802755
0.937369 0.0797012
0.937404 0.0790568
0.937586 0.0784034
0.937976 0.0777672
0.938603 0.0770409
0.939444 0.0764253
0.940431 0.0757194
0.941424 0.0751451
0.94251 0.0745109
0.943455 0.0739029
0.944385 0.0734117
0.945157 0.0728983
0.945831 0.0723203
0.946261 0.0717708
0.946825 0.0712725
0.947098 0.0704823
0.947303 0.0697943
0.947327 0.0693641
0.947164 0.0691458
0.946882 0.0690578
0.946697 0.0690205
0.947021 0.0691409
0.947089 0.0692138
0.946587 0.0693413
0.946304 0.0694395
0.946223 0.0695304
0.946315 0.069592
0.946161 0.0696997
0.946006 0.0696903
0.945715 0.0696665
0.945406 0.0696821
0.944955 0.0697706
0.944254 0.0698683
0.94387 0.0699453
0.943572 0.0699451
0.943193 0.070027
0.942882 0.0702154
0.942838 0.0702581
0.942796 0.0703785
0.942645 0.0705739
0.942503 0.0708329
0.942298 0.0709653
0.941847 0.0710794
0.941797 0.0713131
0.94163 0.0716036
0.941311 0.0717419
0.941038 0.0717739
0.94103 0.0719756
0.940864 0.0722293
0.940622 0.0723708
0.940227 0.0725438
0.939611 0.0727524
0.939044 0.0729943
0.938927 0.0731442
0.938393 0.0733424
0.937643 0.0736234
0.937255 0.0738955
0.936874 0.0743626
0.936696 0.0749762
0.936057 0.0756649
0.935386 0.0765027
0.935037 0.0774364
0.883326 0.291821
0.881791 0.29368
0.879968 0.288358
0.878917 0.29482
0.880163 0.287102
0.883655 0.287627
0.886954 0.288074
0.890134 0.274865
0.904216 0.260454
0.903338 0.262793
0.902462 0.264438
0.901964 0.266445
0.901587 0.267641
0.9013 0.267893
0.901423 0.269674
0.902371 0.267384
0.903583 0.261843
0.904518 0.245673
0.904399 0.218051
0.904196 0.200199
0.901906 0.180808
0.900151 0.17169
0.898417 0.151689
0.897125 0.147292
0.922938 0.193323
0.922786 0.195376
0.922667 0.197531
0.922604 0.199615
0.922627 0.201652
0.922742 0.20339
0.922988 0.20523
0.923223 0.204682
0.923282 0.204778
0.923286 0.204126
0.923027 0.202539
0.92265 0.202229
0.922079 0.201299
0.921323 0.201251
0.920444 0.199427
0.919557 0.194794
0.918487 0.191213
0.917504 0.187037
0.916421 0.182911
0.915323 0.178083
0.914008 0.175815
0.912741 0.166772
0.911381 0.158501
0.910098 0.150481
0.908794 0.147048
0.907368 0.144297
0.90576 0.14278
0.904561 0.143899
0.903331 0.143649
0.902355 0.14203
0.901495 0.133283
0.901134 0.122484
0.918432 0.117571
0.918422 0.116998
0.918436 0.115974
0.918496 0.114917
0.918667 0.1138
0.91897 0.112721
0.919308 0.111603
0.919743 0.110947
0.920292 0.110424
0.920929 0.110786
0.921727 0.110728
0.922493 0.110366
0.923182 0.111162
0.923824 0.112299
0.924373 0.112199
0.924851 0.112377
0.925292 0.112533
0.925716 0.113087
0.926123 0.113781
0.926428 0.115597
0.926692 0.11802
0.926942 0.120341
0.927187 0.122636
0.927397 0.124919
0.927593 0.127186
0.927716 0.12941
0.927816 0.131547
0.927873 0.134364
0.927885 0.137423
0.927832 0.141266
0.927746 0.145553
0.927636 0.149127
0.927504 0.153226
0.92736 0.156697
0.927189 0.161874
0.927019 0.165861
0.926788 0.170254
0.926494 0.176155
0.926146 0.183499
0.925805 0.187524
0.925442 0.191648
0.925081 0.196404
0.924724 0.20278
0.924343 0.213163
0.923902 0.221966
0.923446 0.228262
0.923054 0.230986
0.92263 0.23077
0.922156 0.231404
0.921654 0.231244
0.921118 0.231397
0.920566 0.231135
0.919902 0.229532
0.919274 0.224985
0.91861 0.21713
0.917957 0.20683
0.917326 0.197762
0.916574 0.188772
0.91569 0.180434
0.914828 0.173022
0.913804 0.171962
0.912805 0.165976
0.911571 0.16251
0.910266 0.179672
0.883326 0.291821
0.880068 0.282024
0.874968 0.27557
0.870496 0.278072
0.868385 0.266075
0.87032 0.256892
0.877672 0.212432
0.882965 0.151074
0.904216 0.260454
0.902137 0.262324
0.899388 0.264129
0.896039 0.265033
0.892467 0.2645
0.888462 0.252395
0.885211 0.242997
0.883464 0.233122
0.88309 0.22128
0.882456 0.196883
0.881271 0.18232
0.880893 0.168747
0.879085 0.158473
0.87819 0.143499
0.881311 0.121891
0.884448 0.10667
0.922938 0.193323
0.922795 0.195349
0.922448 0.19751
0.921825 0.199668
0.921201 0.201908
0.920628 0.203704
0.920205 0.205531
0.91983 0.204972
0.919337 0.205077
0.918791 0.204444
0.917808 0.202847
0.916631 0.202394
0.915253 0.201227
0.913634 0.20107
0.911857 0.199331
0.910184 0.194216
0.908266 0.190239
0.906195 0.185826
0.903968 0.18155
0.901493 0.176773
0.898558 0.173765
0.895341 0.163614
0.891618 0.153554
0.887876 0.138246
0.883978 0.123925
0.879974 0.119828
0.87459 0.115534
0.871789 0.112433
0.867549 0.105947
0.865388 0.0982453
0.866223 0.0900459
0.868098 0.0921028
0.918432 0.117571
0.918412 0.117018
0.918392 0.116026
0.918401 0.114761
0.918532 0.113556
0.918794 0.11237
0.919099 0.111236
0.919512 0.110709
0.920041 0.110196
0.920668 0.110789
0.921467 0.110847
0.922226 0.110598
0.922921 0.111622
0.923552 0.112939
0.924069 0.112541
0.924512 0.112259
0.924906 0.111601
0.925298 0.111266
0.925678 0.111483
0.92596 0.113226
0.926197 0.115755
0.926409 0.118392
0.926598 0.12103
0.926734 0.12397
0.926866 0.126771
0.926921 0.129611
0.92695 0.131712
0.926943 0.134506
0.926868 0.137554
0.926724 0.141713
0.926553 0.146388
0.926365 0.150402
0.926125 0.155043
0.925886 0.158882
0.925594 0.164826
0.925261 0.168933
0.924858 0.172929
0.924322 0.178129
0.923668 0.183978
0.923034 0.18595
0.922346 0.187852
0.92154 0.190321
0.920631 0.195783
0.919706 0.204545
0.918679 0.20319
0.917492 0.199595
0.916364 0.199618
0.915337 0.198203
0.914129 0.197569
0.912828 0.197291
0.91124 0.197492
0.909306 0.198025
0.906729 0.196083
0.903842 0.191981
0.90079 0.184228
0.897793 0.170941
0.894322 0.157825
0.890359 0.147065
0.884817 0.124294
0.880057 0.119602
0.871084 0.115957
0.858369 0.110044
0.842113 0.102738
0.824648 0.0847591
0.899965 0.290853
0.899033 0.292705
0.898035 0.29292
0.897247 0.294513
0.896915 0.294595
0.897628 0.294794
0.898984 0.294408
0.901694 0.293413
0.929025 0.249317
0.928667 0.251362
0.928344 0.252923
0.928078 0.254585
0.927842 0.256171
0.927666 0.257532
0.927598 0.258622
0.927687 0.259246
0.927952 0.259321
0.928503 0.259066
0.92919 0.256931
0.930031 0.253925
0.930825 0.249212
0.93186 0.243716
0.933083 0.235997
0.934363 0.227134
0.952734 0.1371
0.952582 0.138152
0.952433 0.139232
0.952299 0.140254
0.952171 0.141263
0.952079 0.142238
0.952056 0.143189
0.952099 0.144008
0.952162 0.144758
0.952253 0.145416
0.952363 0.145886
0.952458 0.146125
0.95252 0.146299
0.952529 0.146215
0.952497 0.145728
0.9524 0.144899
0.952281 0.143849
0.95212 0.142254
0.951922 0.140343
0.951689 0.138278
0.951417 0.135692
0.951109 0.132401
0.950778 0.128845
0.950423 0.125047
0.950046 0.120946
0.949658 0.117433
0.949274 0.114009
0.948979 0.110672
0.948716 0.107102
0.948533 0.103948
0.948411 0.100995
0.948326 0.0979272
0.950694 0.0686231
0.950631 0.0682865
0.950571 0.0676022
0.950514 0.0668328
0.950467 0.0659863
0.950445 0.0650688
0.950444 0.0640227
0.950482 0.0629902
0.950556 0.0617939
0.950681 0.060746
0.950885 0.0595736
0.951124 0.0586325
0.95139 0.0584223
0.951672 0.0588141
0.951952 0.0593202
0.952214 0.0600496
0.952453 0.0609669
0.952691 0.0619768
0.952922 0.0630658
0.953124 0.0643147
0.953305 0.0655316
0.953467 0.0666102
0.953621 0.0675449
0.953751 0.0684378
0.953863 0.0692784
0.953954 0.0700746
0.954022 0.0708127
0.954072 0.0715251
0.954094 0.0722265
0.954095 0.0729092
0.95407 0.0735948
0.954015 0.0742574
0.953926 0.0748932
0.953824 0.0755018
0.953704 0.0761324
0.953569 0.0767043
0.95341 0.0772476
0.953242 0.0777777
0.953066 0.0783005
0.952887 0.0787512
0.952697 0.0792147
0.952496 0.0796835
0.952299 0.080154
0.952109 0.0805362
0.951918 0.0808723
0.951708 0.0813013
0.951492 0.0817939
0.951256 0.0821816
0.951009 0.0824949
0.950726 0.082872
0.950407 0.0832617
0.950055 0.0835407
0.949673 0.0838305
0.949268 0.0841064
0.948859 0.0844052
0.948451 0.0845964
0.948057 0.0847672
0.947638 0.0848346
0.947195 0.0846975
0.946746 0.0845476
0.946278 0.0841634
0.945808 0.0836821
0.945265 0.0832459
0.944639 0.0827328
0.883326 0.291821
0.881976 0.29284
0.880719 0.292685
0.879763 0.293922
0.879607 0.291685
0.881156 0.286274
0.884419 0.278277
0.890427 0.260569
0.904216 0.260454
0.903227 0.262671
0.902037 0.264372
0.90067 0.265726
0.899114 0.266942
0.897401 0.267985
0.895793 0.269188
0.894401 0.268597
0.893553 0.26253
0.893546 0.255711
0.893973 0.247626
0.89489 0.238693
0.896356 0.230262
0.898664 0.221364
0.902485 0.211069
0.907451 0.195669
0.922938 0.193323
0.922794 0.19537
0.922655 0.197535
0.922448 0.199597
0.922165 0.201639
0.921915 0.20364
0.921724 0.205569
0.921554 0.207269
0.921373 0.20887
0.92121 0.210298
0.920925 0.211282
0.920499 0.211706
0.919953 0.21195
0.91923 0.211694
0.918419 0.210725
0.917544 0.208914
0.916583 0.206574
0.915499 0.203207
0.914355 0.199266
0.913139 0.194946
0.911835 0.189704
0.910444 0.183075
0.909 0.17653
0.907393 0.1694
0.905678 0.161343
0.904091 0.154816
0.902479 0.148747
0.901007 0.142525
0.899833 0.136401
0.899128 0.131181
0.899153 0.126371
0.900022 0.121722
0.918432 0.117571
0.91842 0.117009
0.918418 0.116076
0.918433 0.114994
0.918506 0.113893
0.91866 0.11278
0.918871 0.111665
0.91917 0.110793
0.919567 0.109914
0.920057 0.109373
0.920677 0.108758
0.921353 0.108357
0.922007 0.108465
0.922654 0.108762
0.923238 0.108888
0.923768 0.108986
0.924262 0.109121
0.924725 0.109358
0.92516 0.109627
0.925537 0.11039
0.925862 0.111341
0.926157 0.112623
0.926442 0.113802
0.926691 0.115069
0.926936 0.116377
0.927139 0.117671
0.92731 0.118791
0.927435 0.120012
0.927514 0.121247
0.927549 0.122546
0.927545 0.123906
0.927505 0.125293
0.927421 0.12664
0.927334 0.127895
0.927237 0.129281
0.927109 0.130589
0.926916 0.131817
0.926681 0.133013
0.926392 0.134233
0.92607 0.135292
0.925706 0.136321
0.925302 0.137382
0.924852 0.138477
0.924374 0.13935
0.923862 0.140113
0.923284 0.141121
0.922683 0.142419
0.922073 0.143341
0.921411 0.144018
0.920666 0.144782
0.919845 0.14557
0.918959 0.146011
0.917948 0.146494
0.916809 0.146807
0.915555 0.147373
0.914183 0.147538
0.912733 0.147512
0.911273 0.147192
0.909694 0.14648
0.908155 0.145609
0.906527 0.144036
0.905015 0.142511
0.903608 0.141084
0.902117 0.139351
0.883326 0.291821
0.881791 0.29368
0.880206 0.293934
0.87895 0.295482
0.878573 0.295547
0.879724 0.295728
0.881868 0.295124
0.885768 0.294226
0.904216 0.260454
0.903338 0.262793
0.902496 0.2645
0.901785 0.266233
0.901185 0.267963
0.900766 0.26944
0.900637 0.270677
0.900825 0.271449
0.901396 0.271576
0.902334 0.271232
0.903274 0.268959
0.90444 0.265633
0.905388 0.260317
0.906554 0.254427
0.908059 0.246053
0.909635 0.236612
0.922938 0.193323
0.922786 0.195376
0.922659 0.197532
0.922551 0.199587
0.922465 0.201619
0.922455 0.203601
0.922563 0.205545
0.922752 0.207235
0.922947 0.208788
0.923187 0.210154
0.923389 0.211129
0.923498 0.211611
0.923498 0.211947
0.923375 0.211752
0.923175 0.210783
0.922902 0.209115
0.92256 0.206977
0.922151 0.203729
0.921704 0.199849
0.921205 0.195606
0.920615 0.190411
0.919976 0.183909
0.919312 0.177147
0.918598 0.170029
0.917865 0.162536
0.91709 0.156103
0.916217 0.150009
0.915368 0.144098
0.914486 0.138021
0.913682 0.132872
0.912954 0.128272
0.91236 0.123681
0.918432 0.117571
0.918422 0.116998
0.918428 0.116035
0.918462 0.11496
0.918558 0.113883
0.918743 0.112886
0.918988 0.11183
0.919318 0.111003
0.919743 0.110156
0.920259 0.109599
0.920903 0.108978
0.921605 0.108539
0.922284 0.108551
0.922956 0.108755
0.923571 0.108846
0.924135 0.108984
0.924661 0.109229
0.925147 0.109603
0.925604 0.110036
0.926002 0.110923
0.926348 0.111983
0.92666 0.113265
0.926963 0.114448
0.927233 0.115694
0.927486 0.116961
0.927698 0.118226
0.927877 0.119351
0.92801 0.120572
0.928102 0.121793
0.928149 0.123041
0.928159 0.124335
0.928133 0.125622
0.928073 0.126891
0.927999 0.12811
0.927909 0.129425
0.927797 0.130659
0.927643 0.131853
0.927465 0.13306
0.927255 0.134288
0.927027 0.13538
0.92677 0.136507
0.926498 0.137716
0.926222 0.138964
0.925941 0.140119
0.925647 0.141259
0.925333 0.142575
0.925015 0.144116
0.924673 0.145384
0.924314 0.146564
0.923925 0.147898
0.92351 0.149249
0.923077 0.150321
0.922602 0.151438
0.922113 0.152454
0.921619 0.153685
0.921102 0.154603
0.920564 0.155537
0.919996 0.156202
0.919357 0.156509
0.91868 0.156694
0.917966 0.15645
0.917273 0.156184
0.916526 0.156438
0.91572 0.156691
0.892784 0.289943
0.891542 0.291805
0.890254 0.292046
0.889243 0.293608
0.888869 0.293678
0.889764 0.293871
0.89159 0.293474
0.894922 0.292495
0.91736 0.251538
0.916688 0.253662
0.916058 0.255254
0.915539 0.256915
0.915095 0.25853
0.914786 0.259919
0.9147 0.261049
0.914848 0.261721
0.915278 0.261827
0.916074 0.261552
0.916968 0.259402
0.918019 0.256331
0.918875 0.251472
0.919983 0.245938
0.921397 0.238107
0.922873 0.229149
0.938782 0.166662
0.938612 0.168207
0.938447 0.169809
0.938302 0.17133
0.938177 0.172834
0.938118 0.174293
0.938151 0.175721
0.938256 0.176957
0.938377 0.178091
0.938547 0.179088
0.938695 0.1798
0.938786 0.180159
0.938783 0.180416
0.938685 0.180282
0.938525 0.179558
0.938287 0.17832
0.938004 0.176746
0.937667 0.174356
0.937301 0.171497
0.936896 0.168395
0.936431 0.164553
0.935913 0.159707
0.93536 0.15456
0.934772 0.149108
0.934169 0.1433
0.933561 0.138321
0.93291 0.133536
0.932343 0.128891
0.931769 0.124026
0.931297 0.11983
0.930909 0.115978
0.930562 0.112041
0.940778 0.0984192
0.940739 0.0980141
0.940705 0.0973365
0.940678 0.0965813
0.940676 0.0958274
0.940709 0.0951224
0.940778 0.0943638
0.940896 0.0937749
0.941071 0.0931575
0.941325 0.0927582
0.941692 0.0923019
0.942107 0.0919763
0.94254 0.0919867
0.942984 0.0921443
0.943393 0.0921999
0.943771 0.0922718
0.944119 0.0924068
0.944448 0.0926229
0.944762 0.0928833
0.945037 0.0935069
0.945275 0.0942806
0.94549 0.0952213
0.945698 0.096079
0.945883 0.0969948
0.946051 0.0979236
0.94619 0.0988548
0.946307 0.0996786
0.946394 0.100566
0.94645 0.101451
0.946473 0.102351
0.946463 0.10328
0.946419 0.104201
0.94634 0.105104
0.946246 0.105966
0.946138 0.10689
0.946019 0.107748
0.945868 0.108574
0.945701 0.109403
0.945512 0.11024
0.945316 0.11098
0.9451 0.111744
0.944868 0.112556
0.944625 0.11339
0.944381 0.114147
0.944128 0.114883
0.943852 0.115742
0.943571 0.116751
0.943268 0.117579
0.942957 0.11834
0.942627 0.119206
0.942276 0.120088
0.941909 0.120782
0.941519 0.121511
0.941122 0.122183
0.940724 0.123004
0.940311 0.123636
0.939902 0.124281
0.939464 0.124747
0.938975 0.124985
0.938457 0.125156
0.937899 0.125047
0.937348 0.124929
0.936755 0.125128
0.936096 0.125346
0.895452 0.293497
0.894354 0.295309
0.893228 0.295515
0.892307 0.297093
0.891976 0.297164
0.892836 0.297329
0.894436 0.296767
0.89747 0.29591
0.923754 0.256877
0.92326 0.259115
0.92282 0.260762
0.922453 0.262508
0.922137 0.264206
0.921909 0.26567
0.921807 0.266841
0.921892 0.267553
0.922197 0.267664
0.922861 0.267392
0.923665 0.265151
0.924668 0.261987
0.925602 0.256914
0.926763 0.251097
0.928118 0.242781
0.929501 0.233329
0.945229 0.154172
0.945034 0.155496
0.944854 0.156868
0.944688 0.15817
0.944531 0.159454
0.944416 0.160699
0.944391 0.161915
0.944456 0.162965
0.944549 0.163925
0.944678 0.164765
0.944821 0.165362
0.944935 0.165661
0.944997 0.165877
0.944993 0.165762
0.94493 0.165134
0.944799 0.164073
0.94465 0.162729
0.944464 0.160693
0.944244 0.158257
0.943975 0.155625
0.943661 0.152346
0.943308 0.148195
0.942934 0.143738
0.94252 0.139007
0.942086 0.133938
0.941636 0.129611
0.941175 0.125421
0.940812 0.121363
0.940475 0.11706
0.940246 0.113295
0.940111 0.109788
0.940045 0.10616
0.937443 0.0805581
0.937388 0.0802755
0.937345 0.0796873
0.937313 0.0790496
0.937309 0.0783978
0.937342 0.0777457
0.937407 0.0770107
0.93753 0.0764093
0.93771 0.0757382
0.937954 0.0752899
0.938288 0.0747939
0.938666 0.0744594
0.939063 0.0744725
0.939472 0.074684
0.939863 0.0748176
0.940228 0.0750069
0.940555 0.0752739
0.940872 0.0755701
0.941176 0.0759383
0.941445 0.07666
0.941683 0.0775639
0.941898 0.0785298
0.942103 0.0793699
0.942276 0.080278
0.942427 0.0811735
0.942548 0.0820699
0.942633 0.0828795
0.942686 0.0836941
0.942699 0.0845043
0.942684 0.0853081
0.942635 0.0861253
0.942547 0.0869236
0.942421 0.0876943
0.942284 0.0884261
0.94213 0.08919
0.941964 0.0898826
0.94177 0.0905454
0.941564 0.0911972
0.941348 0.0918445
0.941137 0.0924079
0.940921 0.0929908
0.940694 0.0935892
0.940472 0.0941948
0.940259 0.0947073
0.940045 0.0951735
0.939809 0.0957509
0.939565 0.0964191
0.939298 0.0969597
0.939008 0.0974187
0.938685 0.0979633
0.938318 0.0985233
0.937913 0.0989348
0.937468 0.0993739
0.936999 0.0997953
0.936527 0.100275
0.936045 0.100634
0.935567 0.100992
0.93506 0.101183
0.934524 0.101136
0.933965 0.101073
0.93338 0.100726
0.932791 0.100309
0.932132 0.100034
0.931381 0.0997209
0.892784 0.289943
0.889945 0.280362
0.885519 0.27384
0.881715 0.276224
0.879377 0.265083
0.88131 0.256456
0.888992 0.211675
0.892645 0.149777
0.91736 0.251538
0.915755 0.25329
0.913609 0.255024
0.911083 0.256098
0.908213 0.255637
0.904989 0.244162
0.902343 0.235983
0.901141 0.227406
0.901271 0.216941
0.901373 0.193647
0.900562 0.177583
0.900943 0.164449
0.899204 0.153678
0.898818 0.136013
0.902057 0.119567
0.905949 0.0997183
0.938782 0.166662
0.938665 0.168197
0.938379 0.169805
0.937894 0.171407
0.937428 0.173034
0.936992 0.174363
0.936687 0.175714
0.936443 0.175274
0.935987 0.17534
0.935484 0.174842
0.934661 0.17363
0.933699 0.17332
0.932556 0.172557
0.931185 0.172521
0.92972 0.171234
0.928303 0.167395
0.92674 0.164394
0.925009 0.161024
0.923218 0.157794
0.921179 0.154217
0.918735 0.152049
0.916064 0.144097
0.913065 0.136056
0.909886 0.123749
0.906587 0.111794
0.903482 0.108568
0.899756 0.105004
0.898364 0.102715
0.896115 0.0974199
0.895093 0.0911108
0.896798 0.083278
0.899001 0.0840844
0.940778 0.0984192
0.940728 0.0980229
0.940669 0.0973224
0.940606 0.0964528
0.940596 0.0956489
0.940652 0.0948324
0.940765 0.0940282
0.940945 0.0936885
0.941196 0.0933029
0.941541 0.0938335
0.942052 0.0939115
0.942543 0.0937004
0.943021 0.0944624
0.943455 0.0954397
0.94381 0.0950602
0.944106 0.0948335
0.944353 0.0942354
0.944612 0.0936281
0.94487 0.0936119
0.945048 0.0948847
0.945188 0.0968386
0.945307 0.0988281
0.945418 0.100815
0.94549 0.103051
0.945553 0.105147
0.945559 0.107333
0.945557 0.108924
0.945542 0.110989
0.945471 0.113221
0.945346 0.116195
0.945203 0.119451
0.94508 0.122239
0.944876 0.125431
0.944667 0.128059
0.944397 0.13211
0.944134 0.134738
0.943821 0.137253
0.943394 0.140427
0.942875 0.143796
0.942407 0.144803
0.941846 0.145755
0.941179 0.147094
0.940437 0.150385
0.939719 0.155603
0.938909 0.16035
0.937959 0.164232
0.937011 0.166958
0.936187 0.166084
0.93528 0.16577
0.93436 0.165805
0.933168 0.166422
0.931828 0.167422
0.929917 0.16641
0.927771 0.163635
0.925527 0.157858
0.923362 0.146279
0.921172 0.13491
0.91865 0.126023
0.914911 0.116524
0.912084 0.10946
0.90583 0.102812
0.897533 0.0983795
0.883746 0.0927966
0.871219 0.0801499
0.895452 0.293497
0.892717 0.283552
0.888523 0.276874
0.884963 0.279174
0.882827 0.266074
0.884712 0.256892
0.891923 0.211215
0.894897 0.151075
0.923754 0.256877
0.922467 0.258754
0.92071 0.260612
0.918353 0.261891
0.915735 0.257234
0.912829 0.244694
0.910513 0.236679
0.909569 0.228296
0.90954 0.215371
0.909454 0.190115
0.908298 0.175155
0.908663 0.161371
0.907203 0.15075
0.907486 0.13249
0.910016 0.117366
0.911756 0.0973705
0.945229 0.154172
0.94509 0.155486
0.944803 0.156859
0.944343 0.158223
0.943861 0.159612
0.943402 0.160739
0.943104 0.161893
0.942891 0.161508
0.942488 0.161568
0.942026 0.161145
0.941403 0.160108
0.940698 0.159863
0.939935 0.15925
0.938963 0.159277
0.93791 0.158202
0.936894 0.154911
0.935767 0.152342
0.934453 0.149449
0.933084 0.146687
0.931633 0.143615
0.929854 0.141782
0.928052 0.134886
0.925833 0.127815
0.923225 0.116857
0.92035 0.106039
0.917608 0.102471
0.9146 0.0991037
0.913647 0.095878
0.911266 0.0930734
0.909654 0.0869491
0.911824 0.078313
0.916435 0.0768382
0.937443 0.0805581
0.937376 0.0803839
0.937303 0.0800276
0.937236 0.0794432
0.937212 0.0790137
0.937258 0.0785581
0.937347 0.0780765
0.93752 0.0779341
0.93776 0.0774226
0.938055 0.0780546
0.938472 0.0780767
0.938899 0.0777798
0.939329 0.0783223
0.939724 0.0790363
0.940067 0.0783771
0.940343 0.0782231
0.940532 0.0775074
0.940757 0.0757803
0.940983 0.0755222
0.941126 0.0767703
0.941244 0.0788516
0.941337 0.0806862
0.941427 0.0825367
0.941449 0.0847134
0.941458 0.0867778
0.941425 0.0891717
0.941359 0.0910433
0.941274 0.0932168
0.941116 0.0955489
0.940932 0.098408
0.940748 0.101308
0.940583 0.103798
0.940345 0.106478
0.940085 0.108761
0.939753 0.112279
0.939462 0.114156
0.939175 0.115877
0.938781 0.117829
0.93831 0.119332
0.937881 0.119593
0.937353 0.119714
0.936749 0.120284
0.936151 0.12226
0.935606 0.124992
0.934968 0.127303
0.934087 0.12922
0.933177 0.131658
0.932406 0.13057
0.931501 0.129574
0.930502 0.12969
0.92904 0.131068
0.927329 0.132247
0.925323 0.131299
0.923011 0.126784
0.920623 0.121445
0.918367 0.114615
0.915873 0.107796
0.91316 0.102279
0.909231 0.0962869
0.906404 0.0915906
0.899978 0.0799404
0.892595 0.0783817
0.878499 0.0761349
0.863399 0.0753073
