0.883326
0.880007
0.874826
0.869848
0.867243
0.868506
0.875501
0.881247
0.904216
0.902654
0.900822
0.89864
0.89655
0.894284
0.893312
0.894084
0.8954
0.895902
0.895948
0.897217
0.895792
0.895977
0.897125
0.89824
0.922938
0.922814
0.922752
0.922741
0.923307
0.924348
0.92608
0.927855
0.929313
0.930309
0.930604
0.930369
0.930097
0.929317
0.927712
0.926915
0.925436
0.923873
0.92193
0.919271
0.916229
0.913121
0.909849
0.906234
0.902731
0.89934
0.892763
0.889817
0.883499
0.880873
0.883711
0.882235
0.918432
0.91842
0.918532
0.918916
0.919846
0.921481
0.923723
0.926139
0.92845
0.930453
0.932312
0.93374
0.934997
0.93596
0.936707
0.937233
0.937484
0.937742
0.937877
0.938026
0.937831
0.937578
0.937492
0.937021
0.93699
0.936857
0.936084
0.935681
0.93556
0.935393
0.934712
0.934432
0.934368
0.933991
0.933407
0.932423
0.931993
0.931773
0.931187
0.930721
0.93021
0.92994
0.929213
0.927705
0.926566
0.925162
0.924021
0.922684
0.921753
0.920321
0.918433
0.917239
0.915545
0.912868
0.910272
0.907058
0.903325
0.899652
0.89357
0.889906
0.88208
0.869219
0.852021
0.831686
0.899965
0.899033
0.898045
0.897298
0.897088
0.897873
0.899194
0.901957
0.929025
0.928667
0.928364
0.928141
0.928006
0.927993
0.928133
0.928474
0.929013
0.929792
0.930647
0.931758
0.932761
0.933939
0.935167
0.93634
0.952734
0.952582
0.952441
0.952333
0.952285
0.952374
0.952617
0.952964
0.953396
0.953843
0.954215
0.954545
0.954838
0.954982
0.955021
0.954982
0.954977
0.954702
0.954317
0.953964
0.95365
0.953313
0.952918
0.952638
0.952106
0.951634
0.951211
0.950639
0.950184
0.949845
0.949817
0.949657
0.950694
0.950631
0.950579
0.95055
0.950591
0.950752
0.951065
0.951503
0.95204
0.952645
0.953285
0.953866
0.954458
0.954956
0.955373
0.955728
0.95609
0.956311
0.956513
0.956577
0.956643
0.956661
0.956558
0.9568
0.956786
0.956446
0.956277
0.956242
0.956279
0.956132
0.95593
0.955783
0.955517
0.955155
0.954695
0.954375
0.954135
0.953877
0.953617
0.953523
0.953458
0.953294
0.953111
0.952997
0.952605
0.952579
0.952436
0.952255
0.952003
0.951962
0.951719
0.951454
0.951153
0.950686
0.950223
0.950063
0.949651
0.949131
0.948846
0.948533
0.94834
0.947999
0.947395
0.946806
0.883326
0.881791
0.880487
0.879406
0.879528
0.880997
0.883453
0.887624
0.904216
0.903338
0.90264
0.90204
0.901852
0.902075
0.902804
0.90402
0.905594
0.907397
0.909143
0.911212
0.912915
0.914495
0.916212
0.917905
0.922938
0.922786
0.922716
0.922705
0.922975
0.923571
0.924607
0.925931
0.927437
0.928886
0.930179
0.931257
0.932286
0.93288
0.933153
0.933247
0.933179
0.933023
0.93214
0.931309
0.930659
0.930049
0.929346
0.928637
0.927784
0.926886
0.925524
0.924328
0.923777
0.923065
0.922742
0.921877
0.918432
0.918422
0.918469
0.918622
0.919019
0.91979
0.920979
0.922524
0.924315
0.926221
0.92808
0.929794
0.931407
0.93275
0.933863
0.934781
0.935421
0.936008
0.936475
0.936717
0.936562
0.936499
0.936386
0.936589
0.936845
0.936036
0.935595
0.935634
0.935318
0.935302
0.934943
0.934656
0.934541
0.933995
0.933173
0.932842
0.932701
0.932602
0.93214
0.931698
0.931639
0.931709
0.931434
0.930808
0.930185
0.929814
0.92935
0.928947
0.928327
0.928112
0.927615
0.927414
0.926823
0.926234
0.925231
0.924889
0.924109
0.923114
0.922297
0.921966
0.921778
0.921178
0.92061
0.920001
0.892784
0.891542
0.890342
0.889409
0.889242
0.890276
0.892073
0.895556
0.91736
0.916688
0.916107
0.915685
0.915459
0.915509
0.915932
0.916712
0.917809
0.919269
0.920728
0.922313
0.923681
0.925043
0.92643
0.927848
0.938782
0.938612
0.938471
0.938386
0.938433
0.938743
0.939323
0.940133
0.941075
0.942044
0.942863
0.943613
0.944229
0.944778
0.944882
0.944848
0.94482
0.944517
0.943848
0.943218
0.942698
0.942113
0.941532
0.94113
0.940331
0.939681
0.938653
0.937669
0.936963
0.936289
0.936128
0.935626
0.940778
0.940739
0.940718
0.940741
0.940876
0.941198
0.941741
0.942487
0.943387
0.944408
0.945462
0.946461
0.94746
0.948283
0.948969
0.949597
0.950136
0.950582
0.950968
0.951126
0.951181
0.95125
0.951139
0.951265
0.95137
0.95074
0.950427
0.950401
0.950287
0.950225
0.949895
0.949771
0.949579
0.948996
0.948207
0.947853
0.947708
0.947623
0.947071
0.946683
0.946536
0.946455
0.94623
0.945914
0.945308
0.945241
0.945023
0.944745
0.944216
0.944091
0.943808
0.9435
0.943021
0.942554
0.941754
0.941532
0.940963
0.940385
0.939801
0.93939
0.939258
0.938828
0.938245
0.937612
0.895452
0.894354
0.893259
0.892388
0.892261
0.893241
0.894834
0.897954
0.923754
0.92326
0.922854
0.922535
0.922362
0.92237
0.922567
0.922979
0.923679
0.924659
0.925713
0.927047
0.928243
0.929559
0.930911
0.932142
0.945229
0.945034
0.944866
0.944732
0.944703
0.94486
0.945235
0.945727
0.946368
0.947013
0.947542
0.94798
0.948403
0.948606
0.948681
0.948698
0.948769
0.948415
0.94788
0.947465
0.947119
0.94677
0.946343
0.946031
0.945405
0.944801
0.944231
0.943433
0.942932
0.942445
0.942416
0.942167
0.937443
0.937388
0.937369
0.937404
0.937586
0.937976
0.938603
0.939444
0.940431
0.941424
0.94251
0.943455
0.944385
0.945157
0.945831
0.946261
0.946825
0.947098
0.947303
0.947327
0.947164
0.946882
0.946697
0.947021
0.947089
0.946587
0.946304
0.946223
0.946315
0.946161
0.946006
0.945715
0.945406
0.944955
0.944254
0.94387
0.943572
0.943193
0.942882
0.942838
0.942796
0.942645
0.942503
0.942298
0.941847
0.941797
0.94163
0.941311
0.941038
0.94103
0.940864
0.940622
0.940227
0.939611
0.939044
0.938927
0.938393
0.937643
0.937255
0.936874
0.936696
0.936057
0.935386
0.935037
0.883326
0.881791
0.879968
0.878917
0.880163
0.883655
0.886954
0.890134
0.904216
0.903338
0.902462
0.901964
0.901587
0.9013
0.901423
0.902371
0.903583
0.904518
0.904399
0.904196
0.901906
0.900151
0.898417
0.897125
0.922938
0.922786
0.922667
0.922604
0.922627
0.922742
0.922988
0.923223
0.923282
0.923286
0.923027
0.92265
0.922079
0.921323
0.920444
0.919557
0.918487
0.917504
0.916421
0.915323
0.914008
0.912741
0.911381
0.910098
0.908794
0.907368
0.90576
0.904561
0.903331
0.902355
0.901495
0.901134
0.918432
0.918422
0.918436
0.918496
0.918667
0.91897
0.919308
0.919743
0.920292
0.920929
0.921727
0.922493
0.923182
0.923824
0.924373
0.924851
0.925292
0.925716
0.926123
0.926428
0.926692
0.926942
0.927187
0.927397
0.927593
0.927716
0.927816
0.927873
0.927885
0.927832
0.927746
0.927636
0.927504
0.92736
0.927189
0.927019
0.926788
0.926494
0.926146
0.925805
0.925442
0.925081
0.924724
0.924343
0.923902
0.923446
0.923054
0.92263
0.922156
0.921654
0.921118
0.920566
0.919902
0.919274
0.91861
0.917957
0.917326
0.916574
0.91569
0.914828
0.913804
0.912805
0.911571
0.910266
0.883326
0.880068
0.874968
0.870496
0.868385
0.87032
0.877672
0.882965
0.904216
0.902137
0.899388
0.896039
0.892467
0.888462
0.885211
0.883464
0.88309
0.882456
0.881271
0.880893
0.879085
0.87819
0.881311
0.884448
0.922938
0.922795
0.922448
0.921825
0.921201
0.920628
0.920205
0.91983
0.919337
0.918791
0.917808
0.916631
0.915253
0.913634
0.911857
0.910184
0.908266
0.906195
0.903968
0.901493
0.898558
0.895341
0.891618
0.887876
0.883978
0.879974
0.87459
0.871789
0.867549
0.865388
0.866223
0.868098
0.918432
0.918412
0.918392
0.918401
0.918532
0.918794
0.919099
0.919512
0.920041
0.920668
0.921467
0.922226
0.922921
0.923552
0.924069
0.924512
0.924906
0.925298
0.925678
0.92596
0.926197
0.926409
0.926598
0.926734
0.926866
0.926921
0.92695
0.926943
0.926868
0.926724
0.926553
0.926365
0.926125
0.925886
0.925594
0.925261
0.924858
0.924322
0.923668
0.923034
0.922346
0.92154
0.920631
0.919706
0.918679
0.917492
0.916364
0.915337
0.914129
0.912828
0.91124
0.909306
0.906729
0.903842
0.90079
0.897793
0.894322
0.890359
0.884817
0.880057
0.871084
0.858369
0.842113
0.824648
0.899965
0.899033
0.898035
0.897247
0.896915
0.897628
0.898984
0.901694
0.929025
0.928667
0.928344
0.928078
0.927842
0.927666
0.927598
0.927687
0.927952
0.928503
0.92919
0.930031
0.930825
0.93186
0.933083
0.934363
0.952734
0.952582
0.952433
0.952299
0.952171
0.952079
0.952056
0.952099
0.952162
0.952253
0.952363
0.952458
0.95252
0.952529
0.952497
0.9524
0.952281
0.95212
0.951922
0.951689
0.951417
0.951109
0.950778
0.950423
0.950046
0.949658
0.949274
0.948979
0.948716
0.948533
0.948411
0.948326
0.950694
0.950631
0.950571
0.950514
0.950467
0.950445
0.950444
0.950482
0.950556
0.950681
0.950885
0.951124
0.95139
0.951672
0.951952
0.952214
0.952453
0.952691
0.952922
0.953124
0.953305
0.953467
0.953621
0.953751
0.953863
0.953954
0.954022
0.954072
0.954094
0.954095
0.95407
0.954015
0.953926
0.953824
0.953704
0.953569
0.95341
0.953242
0.953066
0.952887
0.952697
0.952496
0.952299
0.952109
0.951918
0.951708
0.951492
0.951256
0.951009
0.950726
0.950407
0.950055
0.949673
0.949268
0.948859
0.948451
0.948057
0.947638
0.947195
0.946746
0.946278
0.945808
0.945265
0.944639
0.883326
0.881976
0.880719
0.879763
0.879607
0.881156
0.884419
0.890427
0.904216
0.903227
0.902037
0.90067
0.899114
0.897401
0.895793
0.894401
0.893553
0.893546
0.893973
0.89489
0.896356
0.898664
0.902485
0.907451
0.922938
0.922794
0.922655
0.922448
0.922165
0.921915
0.921724
0.921554
0.921373
0.92121
0.920925
0.920499
0.919953
0.91923
0.918419
0.917544
0.916583
0.915499
0.914355
0.913139
0.911835
0.910444
0.909
0.907393
0.905678
0.904091
0.902479
0.901007
0.899833
0.899128
0.899153
0.900022
0.918432
0.91842
0.918418
0.918433
0.918506
0.91866
0.918871
0.91917
0.919567
0.920057
0.920677
0.921353
0.922007
0.922654
0.923238
0.923768
0.924262
0.924725
0.92516
0.925537
0.925862
0.926157
0.926442
0.926691
0.926936
0.927139
0.92731
0.927435
0.927514
0.927549
0.927545
0.927505
0.927421
0.927334
0.927237
0.927109
0.926916
0.926681
0.926392
0.92607
0.925706
0.925302
0.924852
0.924374
0.923862
0.923284
0.922683
0.922073
0.921411
0.920666
0.919845
0.918959
0.917948
0.916809
0.915555
0.914183
0.912733
0.911273
0.909694
0.908155
0.906527
0.905015
0.903608
0.902117
0.883326
0.881791
0.880206
0.87895
0.878573
0.879724
0.881868
0.885768
0.904216
0.903338
0.902496
0.901785
0.901185
0.900766
0.900637
0.900825
0.901396
0.902334
0.903274
0.90444
0.905388
0.906554
0.908059
0.909635
0.922938
0.922786
0.922659
0.922551
0.922465
0.922455
0.922563
0.922752
0.922947
0.923187
0.923389
0.923498
0.923498
0.923375
0.923175
0.922902
0.92256
0.922151
0.921704
0.921205
0.920615
0.919976
0.919312
0.918598
0.917865
0.91709
0.916217
0.915368
0.914486
0.913682
0.912954
0.91236
0.918432
0.918422
0.918428
0.918462
0.918558
0.918743
0.918988
0.919318
0.919743
0.920259
0.920903
0.921605
0.922284
0.922956
0.923571
0.924135
0.924661
0.925147
0.925604
0.926002
0.926348
0.92666
0.926963
0.927233
0.927486
0.927698
0.927877
0.92801
0.928102
0.928149
0.928159
0.928133
0.928073
0.927999
0.927909
0.927797
0.927643
0.927465
0.927255
0.927027
0.92677
0.926498
0.926222
0.925941
0.925647
0.925333
0.925015
0.924673
0.924314
0.923925
0.92351
0.923077
0.922602
0.922113
0.921619
0.921102
0.920564
0.919996
0.919357
0.91868
0.917966
0.917273
0.916526
0.91572
0.892784
0.891542
0.890254
0.889243
0.888869
0.889764
0.89159
0.894922
0.91736
0.916688
0.916058
0.915539
0.915095
0.914786
0.9147
0.914848
0.915278
0.916074
0.916968
0.918019
0.918875
0.919983
0.921397
0.922873
0.938782
0.938612
0.938447
0.938302
0.938177
0.938118
0.938151
0.938256
0.938377
0.938547
0.938695
0.938786
0.938783
0.938685
0.938525
0.938287
0.938004
0.937667
0.937301
0.936896
0.936431
0.935913
0.93536
0.934772
0.934169
0.933561
0.93291
0.932343
0.931769
0.931297
0.930909
0.930562
0.940778
0.940739
0.940705
0.940678
0.940676
0.940709
0.940778
0.940896
0.941071
0.941325
0.941692
0.942107
0.94254
0.942984
0.943393
0.943771
0.944119
0.944448
0.944762
0.945037
0.945275
0.94549
0.945698
0.945883
0.946051
0.94619
0.946307
0.946394
0.94645
0.946473
0.946463
0.946419
0.94634
0.946246
0.946138
0.946019
0.945868
0.945701
0.945512
0.945316
0.9451
0.944868
0.944625
0.944381
0.944128
0.943852
0.943571
0.943268
0.942957
0.942627
0.942276
0.941909
0.941519
0.941122
0.940724
0.940311
0.939902
0.939464
0.938975
0.938457
0.937899
0.937348
0.936755
0.936096
0.895452
0.894354
0.893228
0.892307
0.891976
0.892836
0.894436
0.89747
0.923754
0.92326
0.92282
0.922453
0.922137
0.921909
0.921807
0.921892
0.922197
0.922861
0.923665
0.924668
0.925602
0.926763
0.928118
0.929501
0.945229
0.945034
0.944854
0.944688
0.944531
0.944416
0.944391
0.944456
0.944549
0.944678
0.944821
0.944935
0.944997
0.944993
0.94493
0.944799
0.94465
0.944464
0.944244
0.943975
0.943661
0.943308
0.942934
0.94252
0.942086
0.941636
0.941175
0.940812
0.940475
0.940246
0.940111
0.940045
0.937443
0.937388
0.937345
0.937313
0.937309
0.937342
0.937407
0.93753
0.93771
0.937954
0.938288
0.938666
0.939063
0.939472
0.939863
0.940228
0.940555
0.940872
0.941176
0.941445
0.941683
0.941898
0.942103
0.942276
0.942427
0.942548
0.942633
0.942686
0.942699
0.942684
0.942635
0.942547
0.942421
0.942284
0.94213
0.941964
0.94177
0.941564
0.941348
0.941137
0.940921
0.940694
0.940472
0.940259
0.940045
0.939809
0.939565
0.939298
0.939008
0.938685
0.938318
0.937913
0.937468
0.936999
0.936527
0.936045
0.935567
0.93506
0.934524
0.933965
0.93338
0.932791
0.932132
0.931381
0.892784
0.889945
0.885519
0.881715
0.879377
0.88131
0.888992
0.892645
0.91736
0.915755
0.913609
0.911083
0.908213
0.904989
0.902343
0.901141
0.901271
0.901373
0.900562
0.900943
0.899204
0.898818
0.902057
0.905949
0.938782
0.938665
0.938379
0.937894
0.937428
0.936992
0.936687
0.936443
0.935987
0.935484
0.934661
0.933699
0.932556
0.931185
0.92972
0.928303
0.92674
0.925009
0.923218
0.921179
0.918735
0.916064
0.913065
0.909886
0.906587
0.903482
0.899756
0.898364
0.896115
0.895093
0.896798
0.899001
0.940778
0.940728
0.940669
0.940606
0.940596
0.940652
0.940765
0.940945
0.941196
0.941541
0.942052
0.942543
0.943021
0.943455
0.94381
0.944106
0.944353
0.944612
0.94487
0.945048
0.945188
0.945307
0.945418
0.94549
0.945553
0.945559
0.945557
0.945542
0.945471
0.945346
0.945203
0.94508
0.944876
0.944667
0.944397
0.944134
0.943821
0.943394
0.942875
0.942407
0.941846
0.941179
0.940437
0.939719
0.938909
0.937959
0.937011
0.936187
0.93528
0.93436
0.933168
0.931828
0.929917
0.927771
0.925527
0.923362
0.921172
0.91865
0.914911
0.912084
0.90583
0.897533
0.883746
0.871219
0.895452
0.892717
0.888523
0.884963
0.882827
0.884712
0.891923
0.894897
0.923754
0.922467
0.92071
0.918353
0.915735
0.912829
0.910513
0.909569
0.90954
0.909454
0.908298
0.908663
0.907203
0.907486
0.910016
0.911756
0.945229
0.94509
0.944803
0.944343
0.943861
0.943402
0.943104
0.942891
0.942488
0.942026
0.941403
0.940698
0.939935
0.938963
0.93791
0.936894
0.935767
0.934453
0.933084
0.931633
0.929854
0.928052
0.925833
0.923225
0.92035
0.917608
0.9146
0.913647
0.911266
0.909654
0.911824
0.916435
0.937443
0.937376
0.937303
0.937236
0.937212
0.937258
0.937347
0.93752
0.93776
0.938055
0.938472
0.938899
0.939329
0.939724
0.940067
0.940343
0.940532
0.940757
0.940983
0.941126
0.941244
0.941337
0.941427
0.941449
0.941458
0.941425
0.941359
0.941274
0.941116
0.940932
0.940748
0.940583
0.940345
0.940085
0.939753
0.939462
0.939175
0.938781
0.93831
0.937881
0.937353
0.936749
0.936151
0.935606
0.934968
0.934087
0.933177
0.932406
0.931501
0.930502
0.92904
0.927329
0.925323
0.923011
0.920623
0.918367
0.915873
0.91316
0.909231
0.906404
0.899978
0.892595
0.878499
0.863399
