0.291821
0.283828
0.277011
0.278886
0.26693
0.257669
0.219024
0.152869
0.260454
0.262584
0.264406
0.265689
0.265518
0.261766
0.254661
0.24655
0.236561
0.220255
0.197877
0.183487
0.172733
0.161547
0.129011
0.110298
0.193323
0.195353
0.197435
0.199546
0.201714
0.203383
0.205102
0.203499
0.202557
0.200822
0.197624
0.195102
0.192275
0.191325
0.187851
0.181087
0.175817
0.17008
0.165761
0.160987
0.157763
0.147203
0.135616
0.122881
0.10847
0.104843
0.101403
0.100272
0.0922815
0.0900797
0.0814851
0.0764705
0.117571
0.117073
0.116211
0.115001
0.113758
0.112565
0.111481
0.110721
0.109881
0.109219
0.108041
0.105556
0.103365
0.100079
0.0965663
0.0942057
0.0934078
0.0907178
0.0899501
0.0903985
0.0917444
0.0925357
0.0932976
0.0941385
0.0950219
0.0963226
0.0979617
0.0998165
0.102077
0.10461
0.106923
0.108705
0.110589
0.112542
0.115828
0.117336
0.116261
0.118323
0.12087
0.121348
0.121898
0.122712
0.124637
0.128399
0.130411
0.131603
0.13251
0.129883
0.12742
0.126324
0.126508
0.126186
0.124543
0.121767
0.11761
0.111122
0.104514
0.100293
0.0942037
0.0900974
0.0800737
0.0772698
0.0740569
0.0756586
0.290853
0.292705
0.292933
0.294534
0.294599
0.294795
0.294566
0.293641
0.249317
0.251362
0.252924
0.254586
0.256111
0.257455
0.258603
0.259318
0.259413
0.259071
0.256957
0.254007
0.249385
0.243993
0.236384
0.227513
0.1371
0.138152
0.139219
0.140252
0.141254
0.142222
0.143161
0.143922
0.144601
0.145164
0.145461
0.145454
0.14541
0.145091
0.144289
0.143071
0.141678
0.139765
0.137563
0.135201
0.132327
0.128748
0.124987
0.121201
0.117061
0.113425
0.110089
0.10689
0.103531
0.100634
0.0979724
0.0951668
0.0686231
0.0682865
0.0676174
0.0668428
0.0660018
0.0651081
0.0640815
0.0630579
0.0618601
0.0606973
0.0593608
0.0579474
0.0567126
0.0556429
0.054926
0.0551089
0.0561717
0.057669
0.0594751
0.0610874
0.0623708
0.0634368
0.0644092
0.0651882
0.0656001
0.0659045
0.0660614
0.0660896
0.0660219
0.0659381
0.0657648
0.0655035
0.065216
0.0649829
0.0646828
0.0644098
0.064065
0.0638162
0.0636743
0.0635109
0.0633614
0.0633245
0.0633434
0.0634266
0.0636136
0.0638117
0.0640797
0.0643024
0.0645563
0.064964
0.0654038
0.0658765
0.0664277
0.0670513
0.0677148
0.0683968
0.0692394
0.0702942
0.0714802
0.072773
0.0742192
0.0756029
0.0769931
0.0783246
0.291821
0.29368
0.293947
0.295492
0.295552
0.295762
0.295284
0.294525
0.260454
0.262793
0.264509
0.26624
0.267856
0.269312
0.270633
0.271516
0.271683
0.271292
0.269038
0.265805
0.260567
0.254775
0.24637
0.236667
0.193323
0.195376
0.197506
0.199581
0.201596
0.203564
0.205487
0.207059
0.20846
0.20962
0.210227
0.210193
0.210068
0.209391
0.20774
0.20524
0.202402
0.198516
0.19408
0.189396
0.183771
0.176952
0.169915
0.162968
0.155574
0.149184
0.143369
0.137856
0.132211
0.127519
0.123264
0.118792
0.117571
0.116998
0.116054
0.114973
0.113889
0.112896
0.111844
0.110973
0.11007
0.109327
0.108549
0.107822
0.107253
0.106722
0.106189
0.105689
0.105231
0.104544
0.103811
0.103173
0.102531
0.101911
0.101236
0.100639
0.100059
0.0995073
0.0990656
0.0986784
0.098376
0.0982152
0.097989
0.0978322
0.0977837
0.0978329
0.0979382
0.0980047
0.0980222
0.0981076
0.0983412
0.0983864
0.0985263
0.0987874
0.0991626
0.0994623
0.0997859
0.100224
0.100739
0.101068
0.101321
0.101792
0.102308
0.102647
0.103035
0.103416
0.103845
0.10414
0.104438
0.104545
0.10433
0.104126
0.103471
0.102913
0.102315
0.101499
0.289943
0.291805
0.292059
0.293626
0.293685
0.293882
0.293628
0.292739
0.251538
0.253662
0.255257
0.256918
0.258456
0.259827
0.26102
0.261788
0.261917
0.261569
0.259442
0.256434
0.251663
0.246234
0.238475
0.229431
0.166662
0.168207
0.169789
0.171326
0.172818
0.174268
0.175678
0.176827
0.177853
0.178704
0.179152
0.179137
0.17906
0.178572
0.177363
0.175531
0.173441
0.170579
0.167299
0.163809
0.159591
0.154409
0.149012
0.143633
0.137828
0.132768
0.128143
0.123735
0.119167
0.115304
0.111767
0.108025
0.0984192
0.0980141
0.0973497
0.0965898
0.0958304
0.0951267
0.0943724
0.0937501
0.0930925
0.0925523
0.0919714
0.0914141
0.0909658
0.0905346
0.0900781
0.0896246
0.0891846
0.0885373
0.0878597
0.0872802
0.0867223
0.0861986
0.0856345
0.0851528
0.0847114
0.0843097
0.0839973
0.0837408
0.0835521
0.0834721
0.0833371
0.0832584
0.0832633
0.083341
0.0834644
0.0835523
0.083598
0.0836934
0.0838976
0.0839472
0.0840746
0.0842869
0.0845834
0.0847965
0.0850116
0.0853259
0.0856964
0.0859152
0.0860592
0.086369
0.0867171
0.0869226
0.0871596
0.0873909
0.0876565
0.0878119
0.0879529
0.0879516
0.087693
0.0874409
0.0868409
0.086282
0.0856669
0.0849019
0.293497
0.295309
0.295526
0.297106
0.297162
0.297364
0.296932
0.296182
0.256877
0.259115
0.260764
0.26251
0.264115
0.265563
0.266809
0.267627
0.267762
0.267401
0.265179
0.26208
0.257098
0.251388
0.243173
0.23366
0.154172
0.155496
0.156852
0.158167
0.159441
0.160678
0.161879
0.162853
0.163721
0.164438
0.164808
0.164788
0.164719
0.164304
0.163274
0.161716
0.159936
0.157502
0.154708
0.151723
0.148104
0.143625
0.138941
0.134254
0.129169
0.124722
0.120652
0.116775
0.112732
0.109272
0.106102
0.10276
0.0805581
0.0802755
0.0797012
0.0790568
0.0784034
0.0777672
0.0770409
0.0764253
0.0757194
0.0751451
0.0745109
0.0739029
0.0734117
0.0728983
0.0723203
0.0717708
0.0712725
0.0704823
0.0697943
0.0693641
0.0691458
0.0690578
0.0690205
0.0691409
0.0692138
0.0693413
0.0694395
0.0695304
0.069592
0.0696997
0.0696903
0.0696665
0.0696821
0.0697706
0.0698683
0.0699453
0.0699451
0.070027
0.0702154
0.0702581
0.0703785
0.0705739
0.0708329
0.0709653
0.0710794
0.0713131
0.0716036
0.0717419
0.0717739
0.0719756
0.0722293
0.0723708
0.0725438
0.0727524
0.0729943
0.0731442
0.0733424
0.0736234
0.0738955
0.0743626
0.0749762
0.0756649
0.0765027
0.0774364
0.291821
0.29368
0.288358
0.29482
0.287102
0.287627
0.288074
0.274865
0.260454
0.262793
0.264438
0.266445
0.267641
0.267893
0.269674
0.267384
0.261843
0.245673
0.218051
0.200199
0.180808
0.17169
0.151689
0.147292
0.193323
0.195376
0.197531
0.199615
0.201652
0.20339
0.20523
0.204682
0.204778
0.204126
0.202539
0.202229
0.201299
0.201251
0.199427
0.194794
0.191213
0.187037
0.182911
0.178083
0.175815
0.166772
0.158501
0.150481
0.147048
0.144297
0.14278
0.143899
0.143649
0.14203
0.133283
0.122484
0.117571
0.116998
0.115974
0.114917
0.1138
0.112721
0.111603
0.110947
0.110424
0.110786
0.110728
0.110366
0.111162
0.112299
0.112199
0.112377
0.112533
0.113087
0.113781
0.115597
0.11802
0.120341
0.122636
0.124919
0.127186
0.12941
0.131547
0.134364
0.137423
0.141266
0.145553
0.149127
0.153226
0.156697
0.161874
0.165861
0.170254
0.176155
0.183499
0.187524
0.191648
0.196404
0.20278
0.213163
0.221966
0.228262
0.230986
0.23077
0.231404
0.231244
0.231397
0.231135
0.229532
0.224985
0.21713
0.20683
0.197762
0.188772
0.180434
0.173022
0.171962
0.165976
0.16251
0.179672
0.291821
0.282024
0.27557
0.278072
0.266075
0.256892
0.212432
0.151074
0.260454
0.262324
0.264129
0.265033
0.2645
0.252395
0.242997
0.233122
0.22128
0.196883
0.18232
0.168747
0.158473
0.143499
0.121891
0.10667
0.193323
0.195349
0.19751
0.199668
0.201908
0.203704
0.205531
0.204972
0.205077
0.204444
0.202847
0.202394
0.201227
0.20107
0.199331
0.194216
0.190239
0.185826
0.18155
0.176773
0.173765
0.163614
0.153554
0.138246
0.123925
0.119828
0.115534
0.112433
0.105947
0.0982453
0.0900459
0.0921028
0.117571
0.117018
0.116026
0.114761
0.113556
0.11237
0.111236
0.110709
0.110196
0.110789
0.110847
0.110598
0.111622
0.112939
0.112541
0.112259
0.111601
0.111266
0.111483
0.113226
0.115755
0.118392
0.12103
0.12397
0.126771
0.129611
0.131712
0.134506
0.137554
0.141713
0.146388
0.150402
0.155043
0.158882
0.164826
0.168933
0.172929
0.178129
0.183978
0.18595
0.187852
0.190321
0.195783
0.204545
0.20319
0.199595
0.199618
0.198203
0.197569
0.197291
0.197492
0.198025
0.196083
0.191981
0.184228
0.170941
0.157825
0.147065
0.124294
0.119602
0.115957
0.110044
0.102738
0.0847591
0.290853
0.292705
0.29292
0.294513
0.294595
0.294794
0.294408
0.293413
0.249317
0.251362
0.252923
0.254585
0.256171
0.257532
0.258622
0.259246
0.259321
0.259066
0.256931
0.253925
0.249212
0.243716
0.235997
0.227134
0.1371
0.138152
0.139232
0.140254
0.141263
0.142238
0.143189
0.144008
0.144758
0.145416
0.145886
0.146125
0.146299
0.146215
0.145728
0.144899
0.143849
0.142254
0.140343
0.138278
0.135692
0.132401
0.128845
0.125047
0.120946
0.117433
0.114009
0.110672
0.107102
0.103948
0.100995
0.0979272
0.0686231
0.0682865
0.0676022
0.0668328
0.0659863
0.0650688
0.0640227
0.0629902
0.0617939
0.060746
0.0595736
0.0586325
0.0584223
0.0588141
0.0593202
0.0600496
0.0609669
0.0619768
0.0630658
0.0643147
0.0655316
0.0666102
0.0675449
0.0684378
0.0692784
0.0700746
0.0708127
0.0715251
0.0722265
0.0729092
0.0735948
0.0742574
0.0748932
0.0755018
0.0761324
0.0767043
0.0772476
0.0777777
0.0783005
0.0787512
0.0792147
0.0796835
0.080154
0.0805362
0.0808723
0.0813013
0.0817939
0.0821816
0.0824949
0.082872
0.0832617
0.0835407
0.0838305
0.0841064
0.0844052
0.0845964
0.0847672
0.0848346
0.0846975
0.0845476
0.0841634
0.0836821
0.0832459
0.0827328
0.291821
0.29284
0.292685
0.293922
0.291685
0.286274
0.278277
0.260569
0.260454
0.262671
0.264372
0.265726
0.266942
0.267985
0.269188
0.268597
0.26253
0.255711
0.247626
0.238693
0.230262
0.221364
0.211069
0.195669
0.193323
0.19537
0.197535
0.199597
0.201639
0.20364
0.205569
0.207269
0.20887
0.210298
0.211282
0.211706
0.21195
0.211694
0.210725
0.208914
0.206574
0.203207
0.199266
0.194946
0.189704
0.183075
0.17653
0.1694
0.161343
0.154816
0.148747
0.142525
0.136401
0.131181
0.126371
0.121722
0.117571
0.117009
0.116076
0.114994
0.113893
0.11278
0.111665
0.110793
0.109914
0.109373
0.108758
0.108357
0.108465
0.108762
0.108888
0.108986
0.109121
0.109358
0.109627
0.11039
0.111341
0.112623
0.113802
0.115069
0.116377
0.117671
0.118791
0.120012
0.121247
0.122546
0.123906
0.125293
0.12664
0.127895
0.129281
0.130589
0.131817
0.133013
0.134233
0.135292
0.136321
0.137382
0.138477
0.13935
0.140113
0.141121
0.142419
0.143341
0.144018
0.144782
0.14557
0.146011
0.146494
0.146807
0.147373
0.147538
0.147512
0.147192
0.14648
0.145609
0.144036
0.142511
0.141084
0.139351
0.291821
0.29368
0.293934
0.295482
0.295547
0.295728
0.295124
0.294226
0.260454
0.262793
0.2645
0.266233
0.267963
0.26944
0.270677
0.271449
0.271576
0.271232
0.268959
0.265633
0.260317
0.254427
0.246053
0.236612
0.193323
0.195376
0.197532
0.199587
0.201619
0.203601
0.205545
0.207235
0.208788
0.210154
0.211129
0.211611
0.211947
0.211752
0.210783
0.209115
0.206977
0.203729
0.199849
0.195606
0.190411
0.183909
0.177147
0.170029
0.162536
0.156103
0.150009
0.144098
0.138021
0.132872
0.128272
0.123681
0.117571
0.116998
0.116035
0.11496
0.113883
0.112886
0.11183
0.111003
0.110156
0.109599
0.108978
0.108539
0.108551
0.108755
0.108846
0.108984
0.109229
0.109603
0.110036
0.110923
0.111983
0.113265
0.114448
0.115694
0.116961
0.118226
0.119351
0.120572
0.121793
0.123041
0.124335
0.125622
0.126891
0.12811
0.129425
0.130659
0.131853
0.13306
0.134288
0.13538
0.136507
0.137716
0.138964
0.140119
0.141259
0.142575
0.144116
0.145384
0.146564
0.147898
0.149249
0.150321
0.151438
0.152454
0.153685
0.154603
0.155537
0.156202
0.156509
0.156694
0.15645
0.156184
0.156438
0.156691
0.289943
0.291805
0.292046
0.293608
0.293678
0.293871
0.293474
0.292495
0.251538
0.253662
0.255254
0.256915
0.25853
0.259919
0.261049
0.261721
0.261827
0.261552
0.259402
0.256331
0.251472
0.245938
0.238107
0.229149
0.166662
0.168207
0.169809
0.17133
0.172834
0.174293
0.175721
0.176957
0.178091
0.179088
0.1798
0.180159
0.180416
0.180282
0.179558
0.17832
0.176746
0.174356
0.171497
0.168395
0.164553
0.159707
0.15456
0.149108
0.1433
0.138321
0.133536
0.128891
0.124026
0.11983
0.115978
0.112041
0.0984192
0.0980141
0.0973365
0.0965813
0.0958274
0.0951224
0.0943638
0.0937749
0.0931575
0.0927582
0.0923019
0.0919763
0.0919867
0.0921443
0.0921999
0.0922718
0.0924068
0.0926229
0.0928833
0.0935069
0.0942806
0.0952213
0.096079
0.0969948
0.0979236
0.0988548
0.0996786
0.100566
0.101451
0.102351
0.10328
0.104201
0.105104
0.105966
0.10689
0.107748
0.108574
0.109403
0.11024
0.11098
0.111744
0.112556
0.11339
0.114147
0.114883
0.115742
0.116751
0.117579
0.11834
0.119206
0.120088
0.120782
0.121511
0.122183
0.123004
0.123636
0.124281
0.124747
0.124985
0.125156
0.125047
0.124929
0.125128
0.125346
0.293497
0.295309
0.295515
0.297093
0.297164
0.297329
0.296767
0.29591
0.256877
0.259115
0.260762
0.262508
0.264206
0.26567
0.266841
0.267553
0.267664
0.267392
0.265151
0.261987
0.256914
0.251097
0.242781
0.233329
0.154172
0.155496
0.156868
0.15817
0.159454
0.160699
0.161915
0.162965
0.163925
0.164765
0.165362
0.165661
0.165877
0.165762
0.165134
0.164073
0.162729
0.160693
0.158257
0.155625
0.152346
0.148195
0.143738
0.139007
0.133938
0.129611
0.125421
0.121363
0.11706
0.113295
0.109788
0.10616
0.0805581
0.0802755
0.0796873
0.0790496
0.0783978
0.0777457
0.0770107
0.0764093
0.0757382
0.0752899
0.0747939
0.0744594
0.0744725
0.074684
0.0748176
0.0750069
0.0752739
0.0755701
0.0759383
0.07666
0.0775639
0.0785298
0.0793699
0.080278
0.0811735
0.0820699
0.0828795
0.0836941
0.0845043
0.0853081
0.0861253
0.0869236
0.0876943
0.0884261
0.08919
0.0898826
0.0905454
0.0911972
0.0918445
0.0924079
0.0929908
0.0935892
0.0941948
0.0947073
0.0951735
0.0957509
0.0964191
0.0969597
0.0974187
0.0979633
0.0985233
0.0989348
0.0993739
0.0997953
0.100275
0.100634
0.100992
0.101183
0.101136
0.101073
0.100726
0.100309
0.100034
0.0997209
0.289943
0.280362
0.27384
0.276224
0.265083
0.256456
0.211675
0.149777
0.251538
0.25329
0.255024
0.256098
0.255637
0.244162
0.235983
0.227406
0.216941
0.193647
0.177583
0.164449
0.153678
0.136013
0.119567
0.0997183
0.166662
0.168197
0.169805
0.171407
0.173034
0.174363
0.175714
0.175274
0.17534
0.174842
0.17363
0.17332
0.172557
0.172521
0.171234
0.167395
0.164394
0.161024
0.157794
0.154217
0.152049
0.144097
0.136056
0.123749
0.111794
0.108568
0.105004
0.102715
0.0974199
0.0911108
0.083278
0.0840844
0.0984192
0.0980229
0.0973224
0.0964528
0.0956489
0.0948324
0.0940282
0.0936885
0.0933029
0.0938335
0.0939115
0.0937004
0.0944624
0.0954397
0.0950602
0.0948335
0.0942354
0.0936281
0.0936119
0.0948847
0.0968386
0.0988281
0.100815
0.103051
0.105147
0.107333
0.108924
0.110989
0.113221
0.116195
0.119451
0.122239
0.125431
0.128059
0.13211
0.134738
0.137253
0.140427
0.143796
0.144803
0.145755
0.147094
0.150385
0.155603
0.16035
0.164232
0.166958
0.166084
0.16577
0.165805
0.166422
0.167422
0.16641
0.163635
0.157858
0.146279
0.13491
0.126023
0.116524
0.10946
0.102812
0.0983795
0.0927966
0.0801499
0.293497
0.283552
0.276874
0.279174
0.266074
0.256892
0.211215
0.151075
0.256877
0.258754
0.260612
0.261891
0.257234
0.244694
0.236679
0.228296
0.215371
0.190115
0.175155
0.161371
0.15075
0.13249
0.117366
0.0973705
0.154172
0.155486
0.156859
0.158223
0.159612
0.160739
0.161893
0.161508
0.161568
0.161145
0.160108
0.159863
0.15925
0.159277
0.158202
0.154911
0.152342
0.149449
0.146687
0.143615
0.141782
0.134886
0.127815
0.116857
0.106039
0.102471
0.0991037
0.095878
0.0930734
0.0869491
0.078313
0.0768382
0.0805581
0.0803839
0.0800276
0.0794432
0.0790137
0.0785581
0.0780765
0.0779341
0.0774226
0.0780546
0.0780767
0.0777798
0.0783223
0.0790363
0.0783771
0.0782231
0.0775074
0.0757803
0.0755222
0.0767703
0.0788516
0.0806862
0.0825367
0.0847134
0.0867778
0.0891717
0.0910433
0.0932168
0.0955489
0.098408
0.101308
0.103798
0.106478
0.108761
0.112279
0.114156
0.115877
0.117829
0.119332
0.119593
0.119714
0.120284
0.12226
0.124992
0.127303
0.12922
0.131658
0.13057
0.129574
0.12969
0.131068
0.132247
0.131299
0.126784
0.121445
0.114615
0.107796
0.102279
0.0962869
0.0915906
0.0799404
0.0783817
0.0761349
0.0753073
