2.687200000000000273e+02
2.680169999999999959e+02
2.761030000000000086e+02
2.754270000000000209e+02
2.602669999999999959e+02
2.664830000000000041e+02
2.598070000000000164e+02
2.661899999999999977e+02
2.685570000000000164e+02
2.678530000000000086e+02
2.604100000000000250e+02
2.599030000000000200e+02
2.759200000000000159e+02
2.665269999999999868e+02
2.753729999999999905e+02
2.661129999999999995e+02
2.687730000000000246e+02
2.681700000000000159e+02
2.760299999999999727e+02
2.756899999999999977e+02
2.686030000000000086e+02
2.759569999999999936e+02
2.681100000000000136e+02
2.753100000000000023e+02
2.604800000000000182e+02
2.599630000000000223e+02
2.603799999999999955e+02
2.598399999999999750e+02
2.666700000000000159e+02
2.665099999999999909e+02
2.662200000000000273e+02
2.662730000000000246e+02
3.053999999999999773e+02
3.048999999999999773e+02
3.105799999999999841e+02
3.101770000000000209e+02
2.954700000000000273e+02
2.996600000000000250e+02
2.953670000000000186e+02
2.996370000000000005e+02
3.052599999999999909e+02
3.049669999999999845e+02
2.955070000000000050e+02
2.952570000000000050e+02
3.105199999999999818e+02
2.997699999999999818e+02
3.101530000000000200e+02
2.996370000000000005e+02
3.052830000000000155e+02
3.049970000000000141e+02
3.105769999999999982e+02
3.102169999999999845e+02
3.054800000000000182e+02
3.107930000000000064e+02
3.049399999999999977e+02
3.102900000000000205e+02
2.955899999999999750e+02
2.953330000000000268e+02
2.955269999999999868e+02
2.954100000000000250e+02
2.996899999999999977e+02
2.998430000000000177e+02
2.996469999999999914e+02
2.997029999999999745e+02
2.545869999999999891e+02
2.541769999999999925e+02
2.610769999999999982e+02
2.604970000000000141e+02
2.443899999999999864e+02
2.494970000000000141e+02
2.442299999999999898e+02
2.493629999999999995e+02
2.547330000000000041e+02
2.540329999999999870e+02
2.443029999999999973e+02
2.443530000000000086e+02
2.613100000000000023e+02
2.496399999999999864e+02
2.606170000000000186e+02
2.494629999999999939e+02
2.870099999999999909e+02
2.862869999999999777e+02
2.916329999999999814e+02
2.910099999999999909e+02
2.870600000000000023e+02
2.916200000000000045e+02
2.863969999999999914e+02
2.911499999999999773e+02
2.759230000000000018e+02
2.753870000000000005e+02
2.759270000000000209e+02
2.754329999999999927e+02
2.797900000000000205e+02
2.797769999999999868e+02
2.791499999999999773e+02
2.791499999999999773e+02
2.548199999999999932e+02
2.541100000000000136e+02
2.612029999999999745e+02
2.606370000000000005e+02
2.444329999999999927e+02
2.497299999999999898e+02
2.442769999999999868e+02
2.494399999999999977e+02
2.870869999999999891e+02
2.864300000000000068e+02
2.759929999999999950e+02
2.754169999999999732e+02
2.916600000000000250e+02
2.797529999999999859e+02
2.910430000000000064e+02
2.791530000000000200e+02
2.547069999999999936e+02
2.540130000000000052e+02
2.612069999999999936e+02
2.605500000000000114e+02
2.870869999999999891e+02
2.916100000000000136e+02
2.864399999999999977e+02
2.909169999999999732e+02
2.443329999999999984e+02
2.442800000000000011e+02
2.760269999999999868e+02
2.754700000000000273e+02
2.496069999999999993e+02
2.798100000000000023e+02
2.494099999999999966e+02
2.792669999999999959e+02
2.706569999999999823e+02
2.700699999999999932e+02
2.781970000000000027e+02
2.778129999999999882e+02
2.625629999999999882e+02
2.687869999999999777e+02
2.622330000000000041e+02
2.683969999999999914e+02
2.707069999999999936e+02
2.701530000000000200e+02
2.625670000000000073e+02
2.622900000000000205e+02
2.781200000000000045e+02
2.688729999999999905e+02
2.775330000000000155e+02
2.682069999999999936e+02
2.706600000000000250e+02
2.701370000000000005e+02
2.782269999999999754e+02
2.778530000000000086e+02
2.707269999999999754e+02
2.780769999999999982e+02
2.700129999999999768e+02
2.775629999999999882e+02
2.626530000000000200e+02
2.621700000000000159e+02
2.625299999999999727e+02
2.622769999999999868e+02
2.687629999999999768e+02
2.688829999999999814e+02
2.683969999999999914e+02
2.682629999999999768e+02
2.567269999999999754e+02
2.563330000000000268e+02
2.634370000000000118e+02
2.627930000000000064e+02
2.464869999999999948e+02
2.518700000000000045e+02
2.464000000000000057e+02
2.515730000000000075e+02
2.568199999999999932e+02
2.563399999999999750e+02
2.465430000000000064e+02
2.462729999999999961e+02
2.632069999999999936e+02
2.518230000000000075e+02
2.626429999999999723e+02
2.515869999999999891e+02
2.566669999999999732e+02
2.562730000000000246e+02
2.632529999999999859e+02
2.626100000000000136e+02
2.567200000000000273e+02
2.630729999999999791e+02
2.563199999999999932e+02
2.625099999999999909e+02
2.464099999999999966e+02
2.461999999999999886e+02
2.465800000000000125e+02
2.462369999999999948e+02
2.517870000000000061e+02
2.518600000000000136e+02
2.515300000000000011e+02
2.516370000000000005e+02
3.054569999999999936e+02
3.051730000000000018e+02
3.106970000000000027e+02
3.102869999999999777e+02
2.954900000000000091e+02
2.998129999999999882e+02
2.954270000000000209e+02
2.997069999999999936e+02
3.054429999999999836e+02
3.050400000000000205e+02
2.956100000000000136e+02
2.955029999999999859e+02
3.107769999999999868e+02
2.999069999999999823e+02
3.103170000000000073e+02
2.996270000000000095e+02
2.870500000000000114e+02
2.864270000000000209e+02
2.915899999999999750e+02
2.910670000000000073e+02
2.871070000000000277e+02
2.915769999999999982e+02
2.863999999999999773e+02
2.911999999999999886e+02
2.760099999999999909e+02
2.755600000000000023e+02
2.759730000000000132e+02
2.754529999999999745e+02
2.797529999999999859e+02
2.798899999999999864e+02
2.792470000000000141e+02
2.791569999999999823e+02
3.055029999999999859e+02
3.050299999999999727e+02
3.106970000000000027e+02
3.102500000000000000e+02
2.956800000000000068e+02
2.997500000000000000e+02
2.953600000000000136e+02
2.996899999999999977e+02
2.872099999999999795e+02
2.862799999999999727e+02
2.758969999999999914e+02
2.755230000000000246e+02
2.916730000000000018e+02
2.797400000000000091e+02
2.911730000000000018e+02
2.792599999999999909e+02
3.054329999999999927e+02
3.050000000000000000e+02
3.107529999999999859e+02
3.102830000000000155e+02
2.870369999999999777e+02
2.916030000000000086e+02
2.863369999999999891e+02
2.912099999999999795e+02
2.955799999999999841e+02
2.954470000000000027e+02
2.760099999999999909e+02
2.754069999999999823e+02
2.998399999999999750e+02
2.799030000000000200e+02
2.997330000000000041e+02
2.791929999999999836e+02
2.719669999999999845e+02
2.793570000000000277e+02
2.638229999999999791e+02
2.699169999999999732e+02
2.720029999999999859e+02
2.636429999999999723e+02
2.793330000000000268e+02
2.699499999999999886e+02
2.721299999999999955e+02
2.795330000000000155e+02
2.720529999999999973e+02
2.793029999999999973e+02
2.638870000000000005e+02
2.637529999999999859e+02
2.700899999999999750e+02
2.700629999999999882e+02
3.053829999999999814e+02
3.106070000000000277e+02
2.955769999999999982e+02
2.998670000000000186e+02
3.053500000000000227e+02
2.956200000000000045e+02
3.106730000000000018e+02
2.998899999999999864e+02
3.055000000000000000e+02
3.106870000000000118e+02
3.054329999999999927e+02
3.106730000000000018e+02
2.956070000000000277e+02
2.956829999999999927e+02
2.998500000000000227e+02
2.999599999999999795e+02
2.713369999999999891e+02
2.790369999999999777e+02
2.633670000000000186e+02
2.697330000000000041e+02
2.713799999999999955e+02
2.633629999999999995e+02
2.790830000000000268e+02
2.695230000000000246e+02
3.049599999999999795e+02
3.102269999999999754e+02
3.051469999999999914e+02
3.103269999999999982e+02
2.953530000000000086e+02
2.954230000000000018e+02
2.998129999999999882e+02
2.997970000000000255e+02
2.714169999999999732e+02
2.790969999999999800e+02
2.634030000000000200e+02
2.695830000000000268e+02
3.050269999999999868e+02
2.954130000000000109e+02
3.102629999999999768e+02
2.996770000000000209e+02
2.714030000000000200e+02
2.790129999999999768e+02
3.051030000000000086e+02
3.102529999999999859e+02
2.633729999999999905e+02
2.954100000000000250e+02
2.694929999999999950e+02
2.996770000000000209e+02
2.579730000000000132e+02
2.642930000000000064e+02
2.477299999999999898e+02
2.529629999999999939e+02
2.579270000000000209e+02
2.475070000000000050e+02
2.642869999999999777e+02
2.530099999999999909e+02
2.581129999999999995e+02
2.643799999999999955e+02
2.578770000000000095e+02
2.643299999999999841e+02
2.477170000000000130e+02
2.476930000000000121e+02
2.531270000000000095e+02
2.530800000000000125e+02
2.574630000000000223e+02
2.639100000000000250e+02
2.474830000000000041e+02
2.528269999999999982e+02
2.574069999999999823e+02
2.476670000000000016e+02
2.638469999999999800e+02
2.527800000000000011e+02
2.574499999999999886e+02
2.638530000000000086e+02
2.575299999999999727e+02
2.639200000000000159e+02
2.475169999999999959e+02
2.475370000000000061e+02
2.527369999999999948e+02
2.526299999999999955e+02
2.871129999999999995e+02
2.916429999999999723e+02
2.759700000000000273e+02
2.798399999999999750e+02
2.871070000000000277e+02
2.759599999999999795e+02
2.915299999999999727e+02
2.797570000000000050e+02
2.863530000000000086e+02
2.911399999999999864e+02
2.863269999999999982e+02
2.910570000000000164e+02
2.754529999999999745e+02
2.754270000000000209e+02
2.792230000000000132e+02
2.792169999999999845e+02
2.870529999999999973e+02
2.914830000000000041e+02
2.759870000000000232e+02
2.798530000000000086e+02
2.864700000000000273e+02
2.753899999999999864e+02
2.912769999999999868e+02
2.791299999999999955e+02
2.870629999999999882e+02
2.915869999999999891e+02
2.864569999999999936e+02
2.912370000000000232e+02
2.760729999999999791e+02
2.754599999999999795e+02
2.799270000000000209e+02
2.792470000000000141e+02
4.446000000000000227e+02
4.466329999999999814e+02
5.155430000000000064e+02
5.181430000000000291e+02
4.381970000000000027e+02
5.077500000000000000e+02
4.396070000000000277e+02
5.092730000000000246e+02
4.443330000000000268e+02
4.466000000000000227e+02
4.379329999999999927e+02
4.392599999999999909e+02
5.156630000000000109e+02
5.073899999999999864e+02
5.171230000000000473e+02
5.086229999999999905e+02
3.830529999999999973e+02
3.821200000000000045e+02
4.492799999999999727e+02
4.485299999999999727e+02
3.828829999999999814e+02
4.491329999999999814e+02
3.820099999999999909e+02
4.481100000000000136e+02
3.806630000000000109e+02
3.794569999999999936e+02
3.802769999999999868e+02
3.793999999999999773e+02
4.458369999999999891e+02
4.454569999999999936e+02
4.446070000000000277e+02
4.443799999999999955e+02
5.195829999999999700e+02
5.218429999999999609e+02
5.713970000000000482e+02
5.736299999999999955e+02
5.115799999999999841e+02
5.626770000000000209e+02
5.132329999999999472e+02
5.642000000000000455e+02
4.332230000000000132e+02
4.326669999999999732e+02
4.283829999999999814e+02
4.277529999999999859e+02
4.828770000000000095e+02
4.769130000000000109e+02
4.822570000000000050e+02
4.763299999999999841e+02
5.191530000000000200e+02
5.216069999999999709e+02
5.713099999999999454e+02
5.733999999999999773e+02
4.331530000000000200e+02
4.826129999999999995e+02
4.327970000000000255e+02
4.820400000000000205e+02
5.113430000000000177e+02
5.130000000000000000e+02
4.280729999999999791e+02
4.274769999999999754e+02
5.622970000000000255e+02
4.769529999999999745e+02
5.640299999999999727e+02
4.761270000000000095e+02
4.251499999999999773e+02
4.270699999999999932e+02
4.938929999999999723e+02
4.951000000000000227e+02
4.185629999999999882e+02
4.866370000000000005e+02
4.200099999999999909e+02
4.873729999999999905e+02
4.248199999999999932e+02
4.267500000000000000e+02
4.181229999999999905e+02
4.198199999999999932e+02
4.934399999999999977e+02
4.865699999999999932e+02
4.942669999999999959e+02
4.870570000000000164e+02
4.923070000000000164e+02
4.942330000000000041e+02
5.434629999999999654e+02
5.447400000000000091e+02
4.923530000000000086e+02
5.432169999999999845e+02
4.937099999999999795e+02
5.447500000000000000e+02
4.854769999999999754e+02
4.870099999999999909e+02
4.855230000000000246e+02
4.868269999999999982e+02
5.357999999999999545e+02
5.358600000000000136e+02
5.371430000000000291e+02
5.368769999999999527e+02
3.698100000000000023e+02
3.689870000000000232e+02
4.338600000000000136e+02
4.330000000000000000e+02
3.647599999999999909e+02
4.284130000000000109e+02
3.639370000000000118e+02
4.272429999999999950e+02
4.148469999999999800e+02
4.141730000000000018e+02
4.087500000000000000e+02
4.080729999999999791e+02
4.633899999999999864e+02
4.567069999999999936e+02
4.625699999999999932e+02
4.556800000000000068e+02
3.694630000000000223e+02
3.686299999999999955e+02
4.336929999999999836e+02
4.327699999999999818e+02
4.146870000000000118e+02
4.633469999999999800e+02
4.138799999999999955e+02
4.624370000000000118e+02
3.643469999999999800e+02
3.635600000000000023e+02
4.086170000000000186e+02
4.076870000000000118e+02
4.281600000000000250e+02
4.563629999999999995e+02
4.270600000000000023e+02
4.553999999999999773e+02
4.455769999999999982e+02
4.476270000000000095e+02
5.167670000000000528e+02
5.187999999999999545e+02
4.391070000000000277e+02
5.089830000000000041e+02
4.406730000000000018e+02
5.102099999999999795e+02
4.454870000000000232e+02
4.476469999999999914e+02
4.390199999999999818e+02
4.404100000000000250e+02
5.165869999999999891e+02
5.085470000000000255e+02
5.185670000000000073e+02
5.098029999999999973e+02
3.841970000000000027e+02
3.832599999999999909e+02
4.501569999999999823e+02
4.493829999999999814e+02
3.838899999999999864e+02
4.501299999999999955e+02
3.829800000000000182e+02
4.490299999999999727e+02
3.814030000000000200e+02
3.805269999999999868e+02
3.812130000000000223e+02
3.801800000000000068e+02
4.466399999999999864e+02
4.466299999999999955e+02
4.456669999999999732e+02
4.452130000000000223e+02
4.264169999999999732e+02
4.280269999999999868e+02
4.945969999999999800e+02
4.955600000000000023e+02
4.196999999999999886e+02
4.877370000000000232e+02
4.211129999999999995e+02
4.887730000000000246e+02
3.707699999999999818e+02
3.696800000000000068e+02
3.659030000000000200e+02
3.650400000000000205e+02
4.349700000000000273e+02
4.296429999999999723e+02
4.339130000000000109e+02
4.282629999999999768e+02
4.258729999999999905e+02
4.277970000000000255e+02
4.943199999999999932e+02
4.954499999999999886e+02
3.705570000000000164e+02
4.346429999999999723e+02
3.696170000000000186e+02
4.339270000000000209e+02
4.193969999999999914e+02
4.206829999999999927e+02
3.654429999999999836e+02
3.644970000000000141e+02
4.875830000000000268e+02
4.292570000000000050e+02
4.882599999999999909e+02
4.281569999999999823e+02
5.194130000000000109e+02
5.219800000000000182e+02
5.715099999999999909e+02
5.737569999999999482e+02
5.113729999999999905e+02
5.629230000000000018e+02
5.135230000000000246e+02
5.641670000000000300e+02
5.189600000000000364e+02
5.215099999999999909e+02
5.114069999999999823e+02
5.127730000000000246e+02
5.714729999999999563e+02
5.621870000000000118e+02
5.732400000000000091e+02
5.641470000000000482e+02
4.923670000000000186e+02
4.943399999999999750e+02
5.435230000000000246e+02
5.448229999999999791e+02
4.923600000000000136e+02
5.430829999999999700e+02
4.937029999999999745e+02
5.445800000000000409e+02
4.855899999999999750e+02
4.869730000000000132e+02
4.854370000000000118e+02
4.871170000000000186e+02
5.357069999999999936e+02
5.355529999999999973e+02
5.371130000000000564e+02
5.368500000000000227e+02
4.332230000000000132e+02
4.327570000000000050e+02
4.828170000000000073e+02
4.823770000000000095e+02
4.283729999999999905e+02
4.768629999999999995e+02
4.277930000000000064e+02
4.763100000000000023e+02
4.149970000000000141e+02
4.142429999999999950e+02
4.086829999999999927e+02
4.079900000000000091e+02
4.633100000000000023e+02
4.566170000000000186e+02
4.627400000000000091e+02
4.557200000000000273e+02
4.332130000000000223e+02
4.326770000000000209e+02
4.826399999999999864e+02
4.820799999999999841e+02
4.146700000000000159e+02
4.635000000000000000e+02
4.139130000000000109e+02
4.625000000000000000e+02
4.280199999999999818e+02
4.275199999999999818e+02
4.086070000000000277e+02
4.077629999999999768e+02
4.768999999999999773e+02
4.564370000000000118e+02
4.760930000000000177e+02
4.555129999999999768e+02
4.422500000000000000e+02
5.141699999999999591e+02
4.361170000000000186e+02
5.058570000000000277e+02
4.425470000000000255e+02
4.359769999999999754e+02
5.135299999999999727e+02
5.056370000000000005e+02
3.811229999999999905e+02
4.474230000000000018e+02
3.808399999999999750e+02
4.471370000000000005e+02
3.784169999999999732e+02
3.782830000000000155e+02
4.439200000000000159e+02
4.436469999999999914e+02
5.195869999999999891e+02
5.715670000000000073e+02
5.116929999999999836e+02
5.625700000000000500e+02
4.332230000000000132e+02
4.284270000000000209e+02
4.829030000000000200e+02
4.769970000000000141e+02
5.190270000000000437e+02
5.713500000000000227e+02
4.332669999999999959e+02
4.825899999999999750e+02
5.114800000000000182e+02
4.280830000000000268e+02
5.621829999999999927e+02
4.769370000000000118e+02
4.447099999999999795e+02
5.162200000000000273e+02
4.379200000000000159e+02
5.074030000000000200e+02
4.445199999999999818e+02
4.374830000000000041e+02
5.156870000000000118e+02
5.069300000000000068e+02
5.217000000000000455e+02
5.736530000000000200e+02
5.214429999999999836e+02
5.734600000000000364e+02
5.132329999999999472e+02
5.128700000000000045e+02
5.640929999999999609e+02
5.640629999999999882e+02
3.801469999999999914e+02
4.466800000000000068e+02
3.778299999999999841e+02
4.428100000000000023e+02
4.327730000000000246e+02
4.276600000000000250e+02
4.823729999999999905e+02
4.762230000000000132e+02
3.801000000000000227e+02
4.462500000000000000e+02
4.327230000000000132e+02
4.820830000000000268e+02
3.775029999999999859e+02
4.274929999999999950e+02
4.425000000000000000e+02
4.761000000000000227e+02
4.230769999999999982e+02
4.921270000000000095e+02
4.168870000000000005e+02
4.848530000000000086e+02
4.226469999999999914e+02
4.162629999999999768e+02
4.916870000000000118e+02
4.842900000000000205e+02
3.679630000000000223e+02
4.321429999999999723e+02
3.675430000000000064e+02
4.320299999999999727e+02
3.626270000000000095e+02
3.626129999999999995e+02
4.265269999999999868e+02
4.264429999999999836e+02
4.250629999999999882e+02
4.933070000000000164e+02
4.181899999999999977e+02
4.855369999999999777e+02
3.670670000000000073e+02
3.620369999999999777e+02
4.310000000000000000e+02
4.252470000000000141e+02
4.244900000000000091e+02
4.926630000000000109e+02
3.668369999999999891e+02
4.306970000000000027e+02
4.176329999999999814e+02
3.617029999999999745e+02
4.853500000000000227e+02
4.248899999999999864e+02
4.926229999999999905e+02
5.435900000000000318e+02
4.856600000000000250e+02
5.356269999999999527e+02
4.922669999999999959e+02
4.855830000000000268e+02
5.430299999999999727e+02
5.356970000000000027e+02
4.942570000000000050e+02
5.450170000000000528e+02
4.939870000000000232e+02
5.445069999999999482e+02
4.870899999999999750e+02
4.868170000000000073e+02
5.371530000000000200e+02
5.369500000000000455e+02
4.148330000000000268e+02
4.632400000000000091e+02
4.088399999999999750e+02
4.567400000000000091e+02
4.142300000000000182e+02
4.080699999999999932e+02
4.626270000000000095e+02
4.556399999999999864e+02
4.147370000000000232e+02
4.633629999999999995e+02
4.140330000000000155e+02
4.624730000000000132e+02
4.086270000000000095e+02
4.077570000000000050e+02
4.563700000000000045e+02
4.554929999999999950e+02
6.110430000000000064e+02
7.402100000000000364e+02
6.027129999999999654e+02
7.300099999999999909e+02
6.108229999999999791e+02
6.015900000000000318e+02
7.399030000000000200e+02
7.292999999999999545e+02
5.100099999999999909e+02
6.310430000000000064e+02
5.095230000000000246e+02
6.305769999999999982e+02
5.072470000000000141e+02
5.068799999999999955e+02
6.270529999999999973e+02
6.271130000000000564e+02
7.214869999999999663e+02
8.177930000000000064e+02
7.127430000000000518e+02
8.073329999999999700e+02
5.807369999999999663e+02
5.765399999999999636e+02
6.723730000000000473e+02
6.665529999999999973e+02
7.217569999999999482e+02
8.173400000000000318e+02
5.807300000000000182e+02
6.721369999999999436e+02
7.128099999999999454e+02
5.762169999999999845e+02
8.070170000000000528e+02
6.662500000000000000e+02
5.853500000000000227e+02
7.112329999999999472e+02
5.791770000000000209e+02
7.042200000000000273e+02
5.848200000000000500e+02
5.790230000000000246e+02
7.112930000000000064e+02
7.035000000000000000e+02
6.873899999999999864e+02
7.809299999999999500e+02
6.870929999999999609e+02
7.806570000000000391e+02
6.806470000000000482e+02
6.806169999999999618e+02
7.736699999999999591e+02
7.732770000000000437e+02
4.968929999999999723e+02
6.153369999999999891e+02
4.915199999999999818e+02
6.093300000000000409e+02
5.619270000000000209e+02
5.565130000000000337e+02
6.524669999999999845e+02
6.454470000000000027e+02
4.962300000000000182e+02
6.150570000000000164e+02
5.619600000000000364e+02
6.525499999999999545e+02
4.912370000000000232e+02
5.563269999999999982e+02
6.089969999999999573e+02
6.453769999999999527e+02
6.152870000000000346e+02
7.431630000000000109e+02
6.052730000000000246e+02
7.320069999999999482e+02
6.145700000000000500e+02
6.049170000000000300e+02
7.431230000000000473e+02
7.311929999999999836e+02
5.087099999999999795e+02
6.296200000000000045e+02
5.084230000000000018e+02
6.293899999999999864e+02
5.063600000000000136e+02
5.062230000000000132e+02
6.257970000000000255e+02
6.257100000000000364e+02
5.886730000000000018e+02
7.136730000000000018e+02
5.814070000000000391e+02
7.054529999999999745e+02
4.957230000000000132e+02
4.904730000000000132e+02
6.137630000000000337e+02
6.076269999999999527e+02
5.886699999999999591e+02
7.133899999999999864e+02
4.954900000000000091e+02
6.133970000000000482e+02
5.812430000000000518e+02
4.900430000000000064e+02
7.048070000000000164e+02
6.073769999999999527e+02
7.268899999999999864e+02
8.215199999999999818e+02
7.160330000000000155e+02
8.099370000000000118e+02
7.265099999999999909e+02
7.159230000000000018e+02
8.219629999999999654e+02
8.095700000000000500e+02
6.905900000000000318e+02
7.840199999999999818e+02
6.904629999999999654e+02
7.834930000000000518e+02
6.837500000000000000e+02
6.834199999999999591e+02
7.758529999999999518e+02
7.758029999999999973e+02
5.805430000000000064e+02
6.717300000000000182e+02
5.758630000000000564e+02
6.652229999999999563e+02
5.617899999999999636e+02
5.555800000000000409e+02
6.517029999999999745e+02
6.441570000000000391e+02
5.803730000000000473e+02
6.713999999999999773e+02
5.613730000000000473e+02
6.512029999999999745e+02
5.754769999999999754e+02
5.552029999999999745e+02
6.652830000000000155e+02
6.439600000000000364e+02
6.134470000000000027e+02
7.424629999999999654e+02
6.048869999999999436e+02
7.317599999999999909e+02
6.135170000000000528e+02
6.044829999999999472e+02
7.418869999999999436e+02
7.314099999999999682e+02
5.115070000000000050e+02
6.329429999999999836e+02
5.117330000000000041e+02
6.328269999999999982e+02
5.098929999999999723e+02
5.094730000000000132e+02
6.293369999999999891e+02
6.293970000000000482e+02
7.218730000000000473e+02
8.179900000000000091e+02
7.128700000000000045e+02
8.074370000000000118e+02
5.807400000000000091e+02
5.764800000000000182e+02
6.726000000000000227e+02
6.666870000000000118e+02
7.218669999999999618e+02
8.173529999999999518e+02
5.806069999999999709e+02
6.722069999999999936e+02
7.127269999999999754e+02
5.762469999999999573e+02
8.069230000000000018e+02
6.663300000000000409e+02
6.174199999999999591e+02
7.455969999999999800e+02
6.079270000000000209e+02
7.342100000000000364e+02
6.169600000000000364e+02
6.077000000000000455e+02
7.454429999999999836e+02
7.337630000000000337e+02
7.269170000000000300e+02
8.217599999999999909e+02
7.266000000000000227e+02
8.215099999999999909e+02
7.158269999999999982e+02
7.157469999999999573e+02
8.098070000000000164e+02
8.095299999999999727e+02
5.108369999999999891e+02
6.317369999999999663e+02
5.087669999999999959e+02
6.281499999999999773e+02
5.804769999999999754e+02
5.756630000000000109e+02
6.717469999999999573e+02
6.652000000000000455e+02
5.108899999999999864e+02
6.315829999999999700e+02
5.804099999999999682e+02
6.715499999999999545e+02
5.086070000000000277e+02
5.755529999999999973e+02
6.278129999999999882e+02
6.651670000000000300e+02
5.885399999999999636e+02
7.135769999999999982e+02
5.818129999999999882e+02
7.062469999999999573e+02
5.882000000000000455e+02
5.817169999999999845e+02
7.129529999999999745e+02
7.060629999999999882e+02
4.992699999999999818e+02
6.172069999999999936e+02
4.988269999999999982e+02
6.169700000000000273e+02
4.939599999999999795e+02
4.935430000000000064e+02
6.116000000000000227e+02
6.114329999999999927e+02
5.905499999999999545e+02
7.157369999999999663e+02
5.849769999999999754e+02
7.075969999999999800e+02
4.978029999999999973e+02
4.930070000000000050e+02
6.158999999999999773e+02
6.098869999999999436e+02
5.908369999999999891e+02
7.155829999999999700e+02
4.973700000000000045e+02
6.161330000000000382e+02
5.838469999999999800e+02
4.924270000000000209e+02
7.074930000000000518e+02
6.096970000000000027e+02
6.874729999999999563e+02
7.811630000000000109e+02
6.805629999999999882e+02
7.734370000000000118e+02
6.870330000000000155e+02
6.807269999999999754e+02
7.807899999999999636e+02
7.734629999999999654e+02
6.908730000000000473e+02
7.837830000000000155e+02
6.903899999999999864e+02
7.835170000000000528e+02
6.835199999999999818e+02
6.835430000000000064e+02
7.758099999999999454e+02
7.756799999999999500e+02
5.618469999999999800e+02
6.524829999999999472e+02
5.566299999999999955e+02
6.455099999999999909e+02
5.619329999999999927e+02
5.556330000000000382e+02
6.516399999999999864e+02
6.441599999999999682e+02
5.619700000000000273e+02
6.523730000000000473e+02
5.613329999999999700e+02
6.512000000000000455e+02
5.563400000000000318e+02
5.551799999999999500e+02
6.453799999999999955e+02
6.440330000000000155e+02
6.129700000000000273e+02
6.047469999999999573e+02
6.126430000000000291e+02
6.041230000000000473e+02
5.111530000000000200e+02
5.108570000000000277e+02
5.093700000000000045e+02
5.090330000000000155e+02
7.215629999999999882e+02
7.129170000000000300e+02
5.808769999999999527e+02
5.764099999999999682e+02
7.220370000000000346e+02
5.806269999999999527e+02
7.126369999999999436e+02
5.762770000000000437e+02
5.877730000000000246e+02
5.815130000000000337e+02
5.872400000000000091e+02
5.811069999999999709e+02
6.876000000000000227e+02
6.871470000000000482e+02
6.805570000000000164e+02
6.804769999999999754e+02
4.984900000000000091e+02
4.932769999999999868e+02
5.619600000000000364e+02
5.565130000000000337e+02
4.979900000000000091e+02
5.620670000000000073e+02
4.929370000000000118e+02
5.563070000000000164e+02
7.415900000000000318e+02
7.313529999999999518e+02
7.412069999999999936e+02
7.312169999999999845e+02
6.321269999999999527e+02
6.320629999999999882e+02
6.287569999999999482e+02
6.284969999999999573e+02
7.125399999999999636e+02
7.053970000000000482e+02
6.166870000000000118e+02
6.109569999999999936e+02
7.126670000000000300e+02
6.166100000000000136e+02
7.052129999999999654e+02
6.106870000000000118e+02
8.180399999999999636e+02
8.072730000000000246e+02
8.173400000000000318e+02
8.070000000000000000e+02
7.809299999999999500e+02
7.807569999999999482e+02
7.733869999999999436e+02
7.732200000000000273e+02
6.724130000000000109e+02
6.665030000000000427e+02
6.526530000000000200e+02
6.455399999999999636e+02
6.722129999999999654e+02
6.524329999999999927e+02
6.664930000000000518e+02
6.453029999999999973e+02
6.166200000000000045e+02
6.075370000000000346e+02
6.160869999999999891e+02
6.070330000000000155e+02
5.101829999999999927e+02
5.100169999999999959e+02
5.083399999999999750e+02
5.080029999999999859e+02
7.267899999999999636e+02
7.159930000000000518e+02
5.805430000000000064e+02
5.757000000000000455e+02
7.266430000000000291e+02
5.805769999999999982e+02
7.159070000000000391e+02
5.753970000000000482e+02
7.448930000000000291e+02
7.337770000000000437e+02
7.442599999999999909e+02
7.332169999999999845e+02
8.215270000000000437e+02
8.217569999999999482e+02
8.099700000000000273e+02
8.095000000000000000e+02
6.312830000000000155e+02
6.275000000000000000e+02
6.716970000000000027e+02
6.652930000000000064e+02
6.310529999999999973e+02
6.715000000000000000e+02
6.272400000000000091e+02
6.652300000000000182e+02
5.901799999999999500e+02
5.835270000000000437e+02
5.897400000000000091e+02
5.834270000000000209e+02
4.973330000000000268e+02
4.967799999999999727e+02
4.921299999999999955e+02
4.916970000000000027e+02
7.152500000000000000e+02
7.068329999999999700e+02
6.150929999999999609e+02
6.092000000000000455e+02
7.146670000000000300e+02
6.150599999999999454e+02
7.065900000000000318e+02
6.086799999999999500e+02
6.907169999999999845e+02
6.837630000000000337e+02
6.902169999999999845e+02
6.832569999999999482e+02
7.838769999999999527e+02
7.837770000000000437e+02
7.756630000000000109e+02
7.755399999999999636e+02
5.617430000000000518e+02
5.556130000000000564e+02
6.514900000000000091e+02
6.443569999999999709e+02
5.614199999999999591e+02
6.512870000000000346e+02
5.552599999999999909e+02
6.439829999999999472e+02
